0.0
7.050627408808313E-5
0.0
7.050627408808313E-5
7.050627408808313E-5
5.852549536197352E-5
7.050627408808313E-5
0.0
7.050627408808313E-5
7.050627408808313E-5
7.050627408808313E-5
5.852549536197352E-5
7.050627408808313E-5
-9.07918019791312E-5
7.050627408808313E-5
0.0
0.0
7.050627408808313E-5
0.0
2.926274768098676E-5
0.0
2.926274768098676E-5
7.050627408808313E-5
7.050627408808313E-5
1.463137384049338E-4
0.0
2.820250963523325E-4
0.0
0.0
0.0
1.4101254817616625E-4
0.0
5.852549536197352E-5
7.050627408808313E-5
7.050627408808313E-5
5.852549536197352E-5
0.0
2.926274768098676E-5
0.0
1.1705099072394704E-4
2.926274768098676E-5
0.0
2.115188222642494E-4
0.0
7.050627408808313E-5
7.050627408808313E-5
0.0
0.0
2.926274768098676E-5
-1.361877029686968E-4
1.4101254817616625E-4
7.050627408808313E-5
1.1705099072394704E-4
7.050627408808313E-5
0.0
7.050627408808313E-5
0.0
0.0
-2.26979504947828E-5
0.0
0.0
0.0
0.0
7.050627408808313E-5
0.0
0.0
0.0
7.050627408808313E-5
2.926274768098676E-5
0.0
0.0
7.050627408808313E-5
0.0
-8.625221188017464E-4
-2.26979504947828E-4
-3.858651584113076E-4
2.820250963523325E-4
7.050627408808313E-5
-4.085631089060904E-4
3.5253137044041565E-4
7.050627408808313E-5
-1.815836039582624E-4
-1.815836039582624E-4
-1.361877029686968E-4
2.0483923376690732E-4
0.0
3.5253137044041565E-4
-4.53959009895656E-5
1.4101254817616625E-4
1.4101254817616625E-4
5.852549536197352E-5
2.115188222642494E-4
2.0483923376690732E-4
2.115188222642494E-4
5.852549536197352E-5
7.050627408808313E-5
0.0
0.0
7.050627408808313E-5
-5.447508118747872E-4
2.926274768098676E-5
3.511529721718411E-4
7.050627408808313E-5
0.0
7.050627408808313E-5
7.050627408808313E-5
0.0
0.0
-9.07918019791312E-5
0.0
0.0
0.0
0.0
0.0
2.926274768098676E-5
2.3410198144789408E-4
0.0
0.0
1.4101254817616625E-4
0.0
8.778824304296028E-5
0.0
2.926274768098676E-5
0.0
0.0
-2.496774554426108E-4
0.0
0.0
7.050627408808313E-5
1.1705099072394704E-4
0.0
5.852549536197352E-5
0.0
0.0
2.926274768098676E-5
0.0
0.0
0.0
7.050627408808313E-5
8.778824304296028E-5
2.115188222642494E-4
0.0
7.050627408808313E-5
-6.80938514843484E-5
0.0
7.050627408808313E-5
2.3410198144789408E-4
7.050627408808313E-5
0.0
7.050627408808313E-5
7.050627408808313E-5
2.926274768098676E-5
2.115188222642494E-4
2.115188222642494E-4
-2.042815544530452E-4
0.0
2.926274768098676E-5
1.4101254817616625E-4
7.050627408808313E-5
-4.766569603904388E-4
0.0
0.0
0.0
1.4101254817616625E-4
-1.13489752473914E-4
2.926274768098676E-5
7.050627408808313E-5
0.0
0.0
0.0
2.926274768098676E-5
2.926274768098676E-5
2.926274768098676E-5
7.050627408808313E-5
0.0
0.0
-6.80938514843484E-5
0.0
2.926274768098676E-5
0.0
1.1705099072394704E-4
0.0
0.0
0.0
7.050627408808313E-5
-4.53959009895656E-5
-3.177713069269592E-4
7.050627408808313E-5
2.926274768098676E-5
2.926274768098676E-5
0.0
0.0
2.926274768098676E-5
0.0
7.050627408808313E-5
0.0
7.050627408808313E-5
0.0
2.926274768098676E-5
2.3410198144789408E-4
2.926274768098676E-5
7.050627408808313E-5
7.050627408808313E-5
0.0
0.0
0.0
5.852549536197352E-5
2.926274768098676E-5
-5.447508118747872E-4
2.926274768098676E-5
0.0
2.926274768098676E-5
0.0
0.0
7.050627408808313E-5
0.0
7.050627408808313E-5
7.050627408808313E-5
2.926274768098676E-5
7.050627408808313E-5
1.1705099072394704E-4
7.050627408808313E-5
7.050627408808313E-5
0.0
5.852549536197352E-5
0.0
2.926274768098676E-5
0.0
0.0
0.0
8.778824304296028E-5
1.4101254817616625E-4
-3.631672079165248E-4
0.0
7.050627408808313E-5
0.0
5.852549536197352E-5
2.820250963523325E-4
0.0
7.050627408808313E-5
5.852549536197352E-5
5.852549536197352E-5
0.0
0.0
7.050627408808313E-5
2.926274768098676E-5
7.050627408808313E-5
1.4101254817616625E-4
8.48619682748616E-4
0.0
2.926274768098676E-5
7.050627408808313E-5
0.0
2.926274768098676E-5
-6.80938514843484E-5
-2.26979504947828E-4
7.050627408808313E-5
0.0
7.050627408808313E-5
0.0
0.0
-4.53959009895656E-5
0.0
2.926274768098676E-5
2.926274768098676E-5
0.0
0.0
0.0
2.926274768098676E-5
2.926274768098676E-5
2.926274768098676E-5
0.0
0.0
0.0
0.0
2.926274768098676E-5
8.778824304296028E-5
-9.07918019791312E-5
0.0
0.0
0.0
0.0
-2.496774554426108E-4
0.0
-3.177713069269592E-4
8.778824304296028E-5
2.926274768098676E-5
1.4101254817616625E-4
0.0
-1.361877029686968E-4
-1.13489752473914E-4
-7.490323663278324E-4
7.050627408808313E-5
7.050627408808313E-5
0.0
2.926274768098676E-5
-4.53959009895656E-5
0.0
0.0
7.050627408808313E-5
2.3410198144789408E-4
0.0
7.050627408808313E-5
7.050627408808313E-5
0.0
-0.0022017011979939315
2.926274768098676E-5
7.050627408808313E-5
0.0
0.0
1.4101254817616625E-4
1.4101254817616625E-4
0.0
-6.582405643487012E-4
-8.398241683069636E-4
-3.631672079165248E-4
0.0
0.0
0.0
-1.361877029686968E-4
5.852549536197352E-5
7.050627408808313E-5
7.050627408808313E-5
0.0
0.0
1.1705099072394704E-4
0.0
0.0
5.852549536197352E-5
7.050627408808313E-5
7.050627408808313E-5
7.050627408808313E-5
-1.13489752473914E-4
0.0
0.0
0.0
8.778824304296028E-5
0.0
0.0
-1.815836039582624E-4
0.0
0.0
0.0
0.0
0.0
0.0
0.0
7.050627408808313E-5
0.0
2.926274768098676E-5
7.050627408808313E-5
2.115188222642494E-4
0.0
0.0
0.0
0.0
0.0
7.050627408808313E-5
0.0
2.926274768098676E-5
0.0
2.115188222642494E-4
0.0
7.050627408808313E-5
7.050627408808313E-5
7.050627408808313E-5
8.778824304296028E-5
0.0
0.0
0.0
0.0
0.0
7.050627408808313E-5
8.778824304296028E-5
7.050627408808313E-5
0.0
7.050627408808313E-5
-4.766569603904388E-4
3.5253137044041565E-4
0.0
0.0
-6.80938514843484E-5
0.0
-0.0010441057227600088
0.0
5.852549536197352E-5
7.050627408808313E-5
0.0
-4.085631089060904E-4
-1.815836039582624E-4
0.0
2.926274768098676E-5
4.935439186165819E-4
1.4101254817616625E-4
2.926274768098676E-5
2.926274768098676E-5
1.7557648608592055E-4
7.050627408808313E-5
2.926274768098676E-5
-2.042815544530452E-4
0.0
0.0
2.926274768098676E-5
7.050627408808313E-5
-1.361877029686968E-4
5.852549536197352E-5
2.926274768098676E-5
7.050627408808313E-5
7.050627408808313E-5
0.0
1.1705099072394704E-4
0.0
0.0
-6.80938514843484E-5
7.050627408808313E-5
0.0
0.0
0.0
5.852549536197352E-5
8.778824304296028E-5
2.115188222642494E-4
0.0
0.0
5.852549536197352E-5
-4.53959009895656E-5
0.0
5.852549536197352E-5
0.0
2.926274768098676E-5
0.0
-2.26979504947828E-5
0.0
0.0
5.852549536197352E-5
2.926274768098676E-5
7.050627408808313E-5
1.4101254817616625E-4
2.926274768098676E-5
-9.07918019791312E-5
2.926274768098676E-5
1.463137384049338E-4
2.115188222642494E-4
2.926274768098676E-5
0.0
2.0483923376690732E-4
1.4101254817616625E-4
0.0
0.0
7.050627408808313E-5
0.0
4.935439186165819E-4
0.0
0.0
7.050627408808313E-5
-4.993549108852216E-4
0.0
5.559922059387484E-4
0.0
0.0
0.0
0.0
0.0
2.926274768098676E-5
2.926274768098676E-5
0.0
0.0
1.4101254817616625E-4
-9.07918019791312E-5
5.852549536197352E-5
0.0
7.050627408808313E-5
-9.07918019791312E-5
7.050627408808313E-5
-6.80938514843484E-5
0.0
0.0
0.0
5.852549536197352E-5
-2.26979504947828E-5
8.778824304296028E-5
7.050627408808313E-5
7.050627408808313E-5
-1.815836039582624E-4
2.926274768098676E-5
-4.53959009895656E-5
7.050627408808313E-5
0.0
2.926274768098676E-4
0.0
0.0
-1.13489752473914E-4
-1.588856534634796E-4
-2.26979504947828E-5
-9.987098217704431E-4
1.463137384049338E-4
-1.815836039582624E-4
7.050627408808313E-5
0.0
7.050627408808313E-5
1.4101254817616625E-4
0.0
0.0
0.0
0.0
0.0
0.0
0.0
2.926274768098676E-5
0.0
1.463137384049338E-4
1.4101254817616625E-4
0.0
0.0
2.926274768098676E-5
-2.26979504947828E-5
7.050627408808313E-5
-9.987098217704431E-4
-3.858651584113076E-4
1.4101254817616625E-4
0.0
2.926274768098676E-5
0.0
-2.26979504947828E-5
2.115188222642494E-4
0.0
-1.588856534634796E-4
0.0
0.0
0.0
-1.815836039582624E-4
0.0
2.926274768098676E-5
2.0483923376690732E-4
0.0
0.0
7.050627408808313E-5
-6.128446633591356E-4
0.0
7.050627408808313E-5
8.778824304296028E-5
-9.07918019791312E-5
-1.361877029686968E-4
-1.815836039582624E-4
-3.177713069269592E-4
0.0
7.050627408808313E-5
0.0
7.050627408808313E-5
0.0
9.9493342115355E-4
1.4101254817616625E-4
0.0
0.0
7.050627408808313E-5
7.050627408808313E-5
-2.26979504947828E-4
0.0
5.852549536197352E-5
1.4101254817616625E-4
7.050627408808313E-5
-1.815836039582624E-4
2.926274768098676E-5
1.4101254817616625E-4
2.926274768098676E-5
2.926274768098676E-5
7.050627408808313E-5
0.0
0.0
-9.07918019791312E-5
0.0
7.050627408808313E-5
0.0
2.926274768098676E-5
0.0
0.0
0.0
7.050627408808313E-5
0.0
8.778824304296028E-5
7.050627408808313E-5
0.0
2.926274768098676E-5
0.0
0.0
7.050627408808313E-5
-4.53959009895656E-4
0.0
7.050627408808313E-5
0.0
0.0
0.0
-9.07918019791312E-4
2.926274768098676E-5
0.0
0.0
7.050627408808313E-5
7.050627408808313E-5
0.0
8.778824304296028E-5
-6.80938514843484E-5
0.0
1.4101254817616625E-4
0.0
7.050627408808313E-4
-2.950733564321764E-4
0.0
0.0
7.050627408808313E-5
0.0
5.852549536197352E-5
0.0
7.050627408808313E-5
2.926274768098676E-5
0.0
7.050627408808313E-5
2.926274768098676E-5
7.050627408808313E-5
7.050627408808313E-5
-6.80938514843484E-5
0.0
7.050627408808313E-5
0.0
3.5253137044041565E-4
-9.07918019791312E-5
1.1705099072394704E-4
0.0
5.852549536197352E-5
-4.53959009895656E-5
7.050627408808313E-5
2.926274768098676E-5
-9.07918019791312E-5
2.820250963523325E-4
2.115188222642494E-4
7.050627408808313E-5
7.050627408808313E-5
5.852549536197352E-5
0.0
1.1705099072394704E-4
0.0
5.852549536197352E-5
-2.26979504947828E-5
0.0
0.0
7.050627408808313E-5
-2.723754059373936E-4
0.0
-9.07918019791312E-5
5.852549536197352E-5
2.115188222642494E-4
-4.53959009895656E-5
-4.312610594008732E-4
0.0
7.050627408808313E-5
8.778824304296028E-5
0.0
0.0
0.0
7.050627408808313E-5
1.4101254817616625E-4
0.0
0.0
0.0
7.050627408808313E-5
7.050627408808313E-5
-2.042815544530452E-4
8.778824304296028E-5
2.926274768098676E-5
0.0
0.0
2.926274768098676E-5
7.050627408808313E-5
7.050627408808313E-5
2.926274768098676E-5
0.0
0.0
0.0
0.0
0.0
0.0
2.926274768098676E-5
-1.13489752473914E-4
0.0
2.926274768098676E-5
2.926274768098676E-5
0.0
7.050627408808313E-5
5.852549536197352E-5
0.0
5.852549536197352E-5
2.0483923376690732E-4
0.0
0.0
0.0
2.0483923376690732E-4
0.0
-4.53959009895656E-5
-2.26979504947828E-4
0.0
7.050627408808313E-5
0.0
0.0
0.0
5.852549536197352E-5
1.4101254817616625E-4
0.0
0.0
-1.13489752473914E-4
0.0
0.0
0.0
0.0
0.0
7.050627408808313E-5
1.1705099072394704E-4
7.050627408808313E-5
2.926274768098676E-5
1.4101254817616625E-4
0.0
7.050627408808313E-5
0.0
2.926274768098676E-5
0.0
0.0
0.0
2.926274768098676E-5
0.0
7.050627408808313E-5
7.050627408808313E-5
0.0
0.0
0.0
-1.815836039582624E-4
7.050627408808313E-5
0.0
0.0
0.0
2.926274768098676E-5
0.0
1.463137384049338E-4
1.4101254817616625E-4
2.926274768098676E-5
7.050627408808313E-5
-0.0015207626831504476
7.050627408808313E-5
2.926274768098676E-5
5.852549536197352E-5
5.852549536197352E-5
2.926274768098676E-5
5.852549536197352E-5
8.778824304296028E-5
0.0
-4.53959009895656E-4
0.0
2.926274768098676E-5
0.0
0.0
0.0
7.050627408808313E-5
2.926274768098676E-5
0.0
0.0
1.4101254817616625E-4
2.926274768098676E-5
0.0
0.0
0.0
2.926274768098676E-5
2.926274768098676E-5
-9.07918019791312E-5
0.0
-5.674487623695699E-4
7.050627408808313E-5
0.0
5.852549536197352E-5
0.0
0.0
1.4101254817616625E-4
7.050627408808313E-5
7.050627408808313E-5
0.0
0.0
0.0
-0.0012937831782026195
0.0
2.926274768098676E-5
2.820250963523325E-4
7.050627408808313E-5
2.926274768098676E-5
1.4101254817616625E-4
2.926274768098676E-5
-2.042815544530452E-4
0.0
2.926274768098676E-5
5.852549536197352E-5
0.0
0.0
7.050627408808313E-5
1.4101254817616625E-4
0.0
2.926274768098676E-5
0.0
0.0
7.050627408808313E-5
-4.766569603904388E-4
7.050627408808313E-5
0.0
-1.361877029686968E-4
-2.26979504947828E-5
7.050627408808313E-5
5.852549536197352E-5
0.0
7.050627408808313E-5
7.050627408808313E-5
0.0
7.050627408808313E-5
7.050627408808313E-5
0.0
-1.361877029686968E-4
5.64050192704665E-4
8.778824304296028E-5
0.0
1.4101254817616625E-4
-1.815836039582624E-4
8.778824304296028E-5
0.0
0.0
0.0
0.0
0.0
7.050627408808313E-5
-1.361877029686968E-4
-2.26979504947828E-5
0.0
2.820250963523325E-4
0.0
0.0
2.115188222642494E-4
7.050627408808313E-5
0.0
-1.361877029686968E-4
0.0
0.0
0.0
2.926274768098676E-5
-2.26979504947828E-4
7.050627408808313E-5
2.926274768098676E-5
0.0
0.0
0.0
1.4101254817616625E-4
0.0
0.0
-4.993549108852216E-4
2.926274768098676E-5
7.050627408808313E-5
7.050627408808313E-5
0.0
0.0
0.0
7.050627408808313E-5
-7.263344158330496E-4
0.0
0.0
7.050627408808313E-5
2.926274768098676E-5
7.050627408808313E-5
0.0
0.0
0.0
7.050627408808313E-5
7.050627408808313E-5
0.0
2.926274768098676E-5
1.463137384049338E-4
7.050627408808313E-5
0.0
2.926274768098676E-5
7.050627408808313E-5
0.0
5.852549536197352E-5
0.0
7.050627408808313E-5
0.0
1.4101254817616625E-4
1.4101254817616625E-4
2.926274768098676E-5
-1.361877029686968E-4
7.050627408808313E-5
0.0
0.0
2.0483923376690732E-4
5.852549536197352E-5
8.778824304296028E-5
0.0
-9.07918019791312E-5
-4.53959009895656E-5
2.926274768098676E-5
1.4101254817616625E-4
0.0
0.0
0.0
0.0
7.050627408808313E-5
2.115188222642494E-4
8.778824304296028E-5
1.1705099072394704E-4
7.050627408808313E-5
1.4101254817616625E-4
-1.13489752473914E-4
0.0
0.0
7.050627408808313E-5
0.0
5.852549536197352E-5
0.0
0.0
7.050627408808313E-5
0.0
0.0
0.0
0.0
1.4101254817616625E-4
-8.852200692965292E-4
7.050627408808313E-5
0.0
5.852549536197352E-5
2.115188222642494E-4
7.050627408808313E-5
1.4101254817616625E-4
5.852549536197352E-5
0.0
0.0
8.778824304296028E-5
0.0
0.0
0.0
0.0
7.050627408808313E-5
5.852549536197352E-5
7.050627408808313E-5
0.0
5.852549536197352E-5
0.0
0.0
8.778824304296028E-5
2.820250963523325E-4
0.0
0.0
1.4101254817616625E-4
7.050627408808313E-5
0.0
0.0
0.0
0.0
0.0
7.050627408808313E-5
2.926274768098676E-5
0.0
7.050627408808313E-5
7.050627408808313E-5
5.852549536197352E-5
0.0
3.804157198528279E-4
7.050627408808313E-5
0.0
0.0
1.4101254817616625E-4
1.1705099072394704E-4
2.6336472912888084E-4
7.050627408808313E-5
-8.625221188017464E-4
5.852549536197352E-5
0.0
0.0
7.050627408808313E-5
-1.588856534634796E-4
1.7557648608592055E-4
0.0
0.0
8.778824304296028E-5
7.050627408808313E-5
0.0
1.4101254817616625E-4
8.778824304296028E-5
2.926274768098676E-5
2.115188222642494E-4
-4.53959009895656E-5
2.926274768098676E-5
0.0
3.2189022449085437E-4
0.0
0.0
0.0
-1.361877029686968E-4
0.0
8.778824304296028E-5
0.0
2.926274768098676E-5
0.0
0.0
7.050627408808313E-5
-4.53959009895656E-5
0.0
0.0
-4.53959009895656E-5
5.852549536197352E-5
0.0
7.050627408808313E-5
0.0
2.926274768098676E-5
0.0
7.050627408808313E-5
0.0
0.0
7.050627408808313E-5
1.1705099072394704E-4
7.050627408808313E-5
2.115188222642494E-4
0.0
-1.361877029686968E-4
2.926274768098676E-5
2.926274768098676E-5
1.4101254817616625E-4
5.852549536197352E-5
2.926274768098676E-5
0.0
7.050627408808313E-5
-1.13489752473914E-4
0.0
0.0
8.778824304296028E-5
2.820250963523325E-4
-6.80938514843484E-5
2.926274768098676E-5
1.4101254817616625E-4
5.852549536197352E-5
1.7557648608592055E-4
0.0
0.0
0.0
2.926274768098676E-5
2.926274768098676E-5
7.050627408808313E-5
0.0
-6.80938514843484E-5
-0.0026329622573948047
0.0
7.050627408808313E-5
0.0
7.050627408808313E-5
7.050627408808313E-5
0.0
7.050627408808313E-5
1.4101254817616625E-4
0.0
0.0
2.926274768098676E-5
0.0
0.0
-3.631672079165248E-4
2.926274768098676E-5
0.0
0.0
0.0
1.4101254817616625E-4
0.0
0.0
0.0
7.050627408808313E-5
5.852549536197352E-5
7.050627408808313E-5
0.0
2.926274768098676E-5
5.559922059387484E-4
2.6336472912888084E-4
0.0
0.0
2.926274768098676E-5
0.0
-6.80938514843484E-5
0.0
7.050627408808313E-5
2.926274768098676E-5
1.7557648608592055E-4
0.0
1.4101254817616625E-4
0.0
0.0
0.0
0.0
-3.858651584113076E-4
7.050627408808313E-5
0.0
2.926274768098676E-5
0.0
7.050627408808313E-5
1.4101254817616625E-4
2.926274768098676E-5
-9.07918019791312E-5
0.0
0.0
7.050627408808313E-5
7.050627408808313E-5
0.0
0.0
0.0
0.0
7.050627408808313E-5
0.0
0.0
2.3410198144789408E-4
0.0
0.0
7.050627408808313E-5
2.926274768098676E-5
1.463137384049338E-4
0.0
7.050627408808313E-5
2.926274768098676E-5
1.4101254817616625E-4
7.050627408808313E-5
0.0
-7.490323663278324E-4
0.0
0.0
-3.40469257421742E-4
0.0
0.0
5.852549536197352E-5
7.050627408808313E-5
7.050627408808313E-5
-9.07918019791312E-5
0.0
-4.53959009895656E-5
7.050627408808313E-5
0.0
1.4101254817616625E-4
0.0
2.0483923376690732E-4
0.0
0.0
2.926274768098676E-5
-1.588856534634796E-4
5.852549536197352E-5
0.0
0.0
0.0
2.926274768098676E-5
0.0
5.852549536197352E-5
8.778824304296028E-5
0.0
7.050627408808313E-5
2.926274768098676E-5
-1.588856534634796E-4
0.0
2.115188222642494E-4
2.3410198144789408E-4
7.050627408808313E-5
0.0
2.926274768098676E-5
7.050627408808313E-5
0.0
0.0
0.0
0.0
1.1705099072394704E-4
0.0
-9.07918019791312E-5
7.050627408808313E-5
0.0
2.926274768098676E-5
0.0
0.0
-2.26979504947828E-5
7.050627408808313E-5
0.0
0.0
0.0
0.0
-3.858651584113076E-4
-6.80938514843484E-5
7.050627408808313E-5
7.050627408808313E-5
7.050627408808313E-5
-6.80938514843484E-5
1.4101254817616625E-4
7.050627408808313E-5
0.0
0.0
0.0
0.0
0.0
-2.950733564321764E-4
0.0
7.050627408808313E-5
5.559922059387484E-4
2.926274768098676E-5
7.050627408808313E-5
5.852549536197352E-5
5.852549536197352E-5
0.0
0.0
-2.042815544530452E-4
0.0
8.778824304296028E-5
7.050627408808313E-5
-2.950733564321764E-4
2.926274768098676E-5
0.0
0.0
0.0
1.4101254817616625E-4
2.926274768098676E-5
2.926274768098676E-5
0.0
0.0
2.926274768098676E-5
3.5253137044041565E-4
2.926274768098676E-5
1.463137384049338E-4
8.778824304296028E-5
0.0
0.0
2.926274768098676E-5
0.0
2.926274768098676E-5
0.0
1.4101254817616625E-4
2.820250963523325E-4
7.050627408808313E-5
0.0
7.050627408808313E-5
0.0
7.050627408808313E-5
0.0
7.050627408808313E-5
2.0483923376690732E-4
2.926274768098676E-5
1.4101254817616625E-4
0.0
0.0
0.0
8.778824304296028E-5
0.0
-3.631672079165248E-4
0.0
0.0
0.0
0.0
0.0
0.0
0.0
5.852549536197352E-4
7.050627408808313E-5
-1.815836039582624E-4
-1.815836039582624E-4
2.926274768098676E-5
-4.53959009895656E-4
0.0
5.852549536197352E-5
0.0
0.0
0.0
0.0
0.0
0.0
0.0
0.0
7.050627408808313E-5
7.050627408808313E-5
0.0
7.050627408808313E-5
5.852549536197352E-5
7.050627408808313E-5
7.050627408808313E-5
0.0
0.0
2.0483923376690732E-4
6.345564667927482E-4
0.0
0.0
0.0
7.050627408808313E-5
0.0
7.050627408808313E-5
7.050627408808313E-5
0.0
0.0
2.926274768098676E-5
8.778824304296028E-5
0.0
-4.53959009895656E-5
7.050627408808313E-5
0.0
5.852549536197352E-5
7.050627408808313E-5
0.0
8.778824304296028E-5
0.0
0.0
0.0
0.0
0.0
-0.004471496247472211
0.0
2.820250963523325E-4
0.0
7.050627408808313E-5
7.050627408808313E-5
5.852549536197352E-5
0.0
5.852549536197352E-5
0.0
2.926274768098676E-5
2.926274768098676E-5
-1.361877029686968E-4
7.050627408808313E-5
0.0
2.0483923376690732E-4
0.0
3.5253137044041565E-4
0.0
2.820250963523325E-4
7.050627408808313E-5
8.778824304296028E-5
-2.26979504947828E-5
0.0
7.050627408808313E-5
-1.588856534634796E-4
2.926274768098676E-5
0.0
0.0
5.852549536197352E-5
2.926274768098676E-5
5.852549536197352E-5
2.926274768098676E-5
0.0
7.050627408808313E-5
2.926274768098676E-5
5.852549536197352E-5
5.852549536197352E-5
7.050627408808313E-5
-2.26979504947828E-5
1.1705099072394704E-4
7.050627408808313E-5
0.0
-2.26979504947828E-5
0.0
0.0
0.0
0.0
0.0
2.926274768098676E-5
2.926274768098676E-5
1.4101254817616625E-4
0.0
7.050627408808313E-5
5.64050192704665E-4
5.852549536197352E-5
0.0
8.778824304296028E-5
0.0
5.852549536197352E-5
2.926274768098676E-5
7.050627408808313E-5
1.7557648608592055E-4
0.0
-7.036364653382668E-4
0.0
0.0
2.926274768098676E-5
7.050627408808313E-5
8.778824304296028E-5
5.852549536197352E-5
0.0
5.64050192704665E-4
0.0
1.1705099072394704E-4
2.926274768098676E-5
0.0
0.0
0.0
0.0
7.050627408808313E-5
0.0
-1.815836039582624E-4
7.050627408808313E-5
0.0
-6.582405643487012E-4
0.0
2.926274768098676E-5
0.0
2.926274768098676E-5
0.0
-2.26979504947828E-5
-2.042815544530452E-4
0.0
7.050627408808313E-5
0.0
1.7557648608592055E-4
4.230376445284988E-4
7.050627408808313E-5
0.0
-8.852200692965292E-4
0.0
8.778824304296028E-5
1.1705099072394704E-4
5.852549536197352E-5
2.926274768098676E-5
0.0
0.0
8.778824304296028E-5
0.0
0.0
0.0
5.852549536197352E-5
8.778824304296028E-5
5.852549536197352E-5
-4.53959009895656E-5
0.0
0.0
0.0
0.0
0.0
0.0
7.050627408808313E-5
7.050627408808313E-5
0.0
0.0
0.0
7.050627408808313E-5
7.050627408808313E-5
7.050627408808313E-5
5.852549536197352E-5
1.4101254817616625E-4
2.926274768098676E-5
7.050627408808313E-5
0.0
0.0
-6.80938514843484E-5
2.926274768098676E-5
7.050627408808313E-5
0.0
0.0
0.0
1.1705099072394704E-4
0.0
0.0
0.0
5.852549536197352E-5
0.0
-3.631672079165248E-4
5.852549536197352E-5
2.926274768098676E-5
-8.171262178121808E-4
7.050627408808313E-5
1.463137384049338E-4
0.0
7.050627408808313E-5
0.0
0.0
0.0
0.0
7.050627408808313E-5
0.0
5.852549536197352E-5
7.050627408808313E-5
7.050627408808313E-5
0.0
2.926274768098676E-5
7.050627408808313E-5
0.0
2.926274768098676E-5
7.050627408808313E-5
2.926274768098676E-5
1.4101254817616625E-4
2.926274768098676E-5
0.0
4.230376445284988E-4
0.0
1.1705099072394704E-4
-4.53959009895656E-5
-0.0018839298910669725
-9.07918019791312E-5
0.0
-9.07918019791312E-5
7.050627408808313E-5
0.0
0.0
0.0
2.926274768098676E-5
-2.26979504947828E-5
5.852549536197352E-5
5.852549536197352E-5
0.0
7.050627408808313E-5
0.0
7.050627408808313E-5
1.4101254817616625E-4
7.050627408808313E-5
0.0
7.050627408808313E-5
1.4101254817616625E-4
2.926274768098676E-5
2.926274768098676E-5
0.0
0.0
0.0
0.0
0.0
0.0
0.0
5.852549536197352E-5
8.778824304296028E-5
7.050627408808313E-5
0.0
0.0
0.0
1.7557648608592055E-4
2.926274768098676E-5
0.0
0.0
1.4101254817616625E-4
1.7557648608592055E-4
0.0
7.050627408808313E-5
0.0
0.0
0.0
2.926274768098676E-5
-2.723754059373936E-4
-7.717303168226152E-4
7.050627408808313E-5
2.926274768098676E-5
4.935439186165819E-4
-2.26979504947828E-5
0.0
7.050627408808313E-5
7.050627408808313E-5
0.0
1.463137384049338E-4
0.0
7.050627408808313E-5
0.0
0.0
0.0
2.926274768098676E-5
0.0
2.926274768098676E-5
-1.588856534634796E-4
2.926274768098676E-5
1.463137384049338E-4
0.0
7.050627408808313E-5
1.4101254817616625E-4
1.4101254817616625E-4
2.115188222642494E-4
7.050627408808313E-5
0.0
7.050627408808313E-5
0.0
0.0
0.0
0.0
2.926274768098676E-5
7.050627408808313E-5
0.0
0.0
2.926274768098676E-5
7.050627408808313E-5
-1.588856534634796E-4
0.0
0.0
0.0
0.00112810038540933
0.0
2.926274768098676E-5
0.0
1.1705099072394704E-4
2.820250963523325E-4
-9.07918019791312E-5
-1.13489752473914E-4
7.050627408808313E-5
0.0
0.0
7.050627408808313E-5
0.0
0.0
0.0
7.050627408808313E-5
0.0
-0.0014072729306765337
0.0
2.0483923376690732E-4
0.0
0.0
-4.53959009895656E-5
-9.07918019791312E-5
0.0
7.050627408808313E-5
-1.361877029686968E-4
2.115188222642494E-4
0.0
2.926274768098676E-5
-2.26979504947828E-5
1.7557648608592055E-4
0.0
0.0
8.778824304296028E-5
0.0
7.050627408808313E-5
0.0
0.0
0.0
2.3410198144789408E-4
0.0
0.0
0.0
0.0
0.0
0.0
7.050627408808313E-5
0.0
0.0
0.0
1.4101254817616625E-4
0.0
0.0
0.0
2.926274768098676E-5
-2.26979504947828E-5
2.926274768098676E-5
0.0
2.115188222642494E-4
0.0
2.926274768098676E-5
7.050627408808313E-5
7.050627408808313E-5
7.050627408808313E-5
7.050627408808313E-5
0.0
1.4101254817616625E-4
-4.53959009895656E-5
0.0
7.050627408808313E-5
-9.07918019791312E-5
0.0
7.050627408808313E-5
1.4101254817616625E-4
-1.13489752473914E-4
0.0
1.4101254817616625E-4
1.4101254817616625E-4
-2.496774554426108E-4
5.852549536197352E-5
1.463137384049338E-4
2.115188222642494E-4
0.0
-2.950733564321764E-4
0.0
2.926274768098676E-5
7.050627408808313E-5
0.0
7.050627408808313E-5
7.050627408808313E-5
0.0
0.0
7.050627408808313E-5
0.0
5.852549536197352E-5
0.0
0.0
7.050627408808313E-5
5.852549536197352E-5
0.0
0.0
-1.361877029686968E-4
5.852549536197352E-5
7.050627408808313E-5
1.4101254817616625E-4
0.0
0.0
0.0
2.926274768098676E-5
2.926274768098676E-5
0.0
7.050627408808313E-5
3.5253137044041565E-4
0.0
7.050627408808313E-5
7.050627408808313E-5
0.0
1.463137384049338E-4
8.778824304296028E-5
0.0
2.926274768098676E-5
1.4101254817616625E-4
2.926274768098676E-5
2.820250963523325E-4
0.0
2.926274768098676E-5
2.115188222642494E-4
0.0
0.0
0.0
0.0
2.926274768098676E-5
0.0
-2.042815544530452E-4
2.926274768098676E-5
8.778824304296028E-5
0.0
0.0
0.0
0.0
0.0
2.926274768098676E-5
2.820250963523325E-4
1.4101254817616625E-4
2.926274768098676E-5
2.926274768098676E-5
0.0
2.926274768098676E-5
0.0
0.0
7.050627408808313E-5
0.0
1.463137384049338E-4
1.463137384049338E-4
0.0
0.0
2.926274768098676E-5
7.050627408808313E-5
7.050627408808313E-5
1.7557648608592055E-4
7.050627408808313E-5
7.050627408808313E-5
7.050627408808313E-5
7.050627408808313E-5
-6.80938514843484E-5
5.852549536197352E-5
2.926274768098676E-5
5.852549536197352E-5
0.0
7.050627408808313E-5
0.0
0.0
7.050627408808313E-5
-1.588856534634796E-4
1.4101254817616625E-4
2.926274768098676E-5
-4.53959009895656E-4
0.0
-1.815836039582624E-4
0.0
-2.26979504947828E-4
0.0
0.0
0.0
0.0
4.935439186165819E-4
0.0
2.926274768098676E-5
7.050627408808313E-5
0.0
0.0
7.050627408808313E-5
0.0
0.0
0.0
7.050627408808313E-5
1.4101254817616625E-4
0.0
-4.53959009895656E-5
7.050627408808313E-5
7.050627408808313E-5
0.0
0.0
0.0
0.0
0.0
5.852549536197352E-5
7.050627408808313E-5
7.050627408808313E-5
0.0
2.926274768098676E-5
0.0
2.115188222642494E-4
7.050627408808313E-5
-9.07918019791312E-5
0.0
2.115188222642494E-4
0.0
2.926274768098676E-5
7.050627408808313E-5
0.0
0.0
7.900941873866425E-4
1.4101254817616625E-4
7.050627408808313E-5
2.115188222642494E-4
2.820250963523325E-4
0.0
7.050627408808313E-5
7.050627408808313E-5
-4.53959009895656E-5
0.0
7.050627408808313E-5
0.0
2.926274768098676E-5
1.463137384049338E-4
0.0
7.050627408808313E-5
1.463137384049338E-4
0.0
0.0
1.4101254817616625E-4
-4.312610594008732E-4
0.0
2.926274768098676E-5
0.0
8.778824304296028E-5
5.852549536197352E-5
-0.0011802934257287056
7.050627408808313E-5
1.4101254817616625E-4
7.050627408808313E-5
1.4101254817616625E-4
2.926274768098676E-5
0.0
8.778824304296028E-5
7.050627408808313E-5
1.4101254817616625E-4
0.0
0.0
2.115188222642494E-4
-9.07918019791312E-5
0.0
2.115188222642494E-4
1.4101254817616625E-4
0.0
-2.26979504947828E-5
0.0
0.0
0.0
1.463137384049338E-4
2.926274768098676E-5
0.0
-3.40469257421742E-4
0.0
7.050627408808313E-5
-5.447508118747872E-4
7.050627408808313E-5
-4.53959009895656E-5
7.050627408808313E-5
-1.588856534634796E-4
7.050627408808313E-5
1.463137384049338E-4
0.0
0.0
0.0
8.778824304296028E-5
1.4101254817616625E-4
0.001621644304025912
1.463137384049338E-4
2.115188222642494E-4
0.0
0.0
0.0
0.0
0.0
-2.496774554426108E-4
7.050627408808313E-5
-1.588856534634796E-4
-4.53959009895656E-5
0.0
4.230376445284988E-4
0.0
8.778824304296028E-5
7.050627408808313E-5
0.0
-2.26979504947828E-5
0.0
0.0
-3.858651584113076E-4
4.230376445284988E-4
0.0
0.0
8.778824304296028E-5
7.050627408808313E-5
2.6336472912888084E-4
1.4101254817616625E-4
2.926274768098676E-5
0.0
1.4101254817616625E-4
-9.07918019791312E-5
0.0
0.0
1.4101254817616625E-4
2.926274768098676E-5
-1.361877029686968E-4
0.0
0.0
5.852549536197352E-5
7.050627408808313E-5
0.0
8.778824304296028E-5
0.0
0.0
0.0
8.778824304296028E-5
7.050627408808313E-5
7.050627408808313E-5
7.050627408808313E-5
2.926274768098676E-5
7.050627408808313E-5
0.0
7.050627408808313E-5
-2.042815544530452E-4
8.778824304296028E-5
7.050627408808313E-5
1.4101254817616625E-4
0.0
7.050627408808313E-5
7.050627408808313E-5
0.0
2.3410198144789408E-4
-9.07918019791312E-5
0.0
7.050627408808313E-5
2.926274768098676E-5
0.0
0.0
0.0
0.0
2.926274768098676E-5
0.0
2.926274768098676E-5
0.0
-9.07918019791312E-5
0.0
7.050627408808313E-5
5.852549536197352E-5
0.0
0.0
5.852549536197352E-5
5.852549536197352E-5
0.0
-6.80938514843484E-5
1.4101254817616625E-4
7.050627408808313E-5
0.0
1.4101254817616625E-4
5.852549536197352E-5
2.926274768098676E-5
0.0
0.0
0.0
2.926274768098676E-5
2.820250963523325E-4
7.050627408808313E-5
1.463137384049338E-4
0.0
0.0
7.050627408808313E-5
2.820250963523325E-4
0.0
2.926274768098676E-5
7.050627408808313E-5
7.050627408808313E-5
0.0
0.0
7.050627408808313E-5
-6.582405643487012E-4
-3.631672079165248E-4
0.0
2.926274768098676E-5
2.115188222642494E-4
4.0967846753381463E-4
1.4101254817616625E-4
0.0
0.0
0.0
2.926274768098676E-5
1.1705099072394704E-4
1.463137384049338E-4
0.0
2.926274768098676E-5
2.926274768098676E-5
7.050627408808313E-5
-2.26979504947828E-5
2.926274768098676E-5
1.4101254817616625E-4
0.0
0.0
0.0
0.0
7.050627408808313E-5
7.050627408808313E-5
0.0
8.778824304296028E-5
5.852549536197352E-5
2.3410198144789408E-4
2.926274768098676E-5
0.0
0.0
0.0
1.1705099072394704E-4
7.050627408808313E-5
0.0
1.4101254817616625E-4
8.778824304296028E-5
7.050627408808313E-5
2.820250963523325E-4
7.050627408808313E-5
7.050627408808313E-5
8.778824304296028E-5
0.0
0.0
0.0
0.0
2.926274768098676E-5
0.0
0.0
2.926274768098676E-5
-9.306159702860948E-4
0.0
0.0
0.0
2.926274768098676E-5
0.0
0.0
0.0
0.0
0.0
5.852549536197352E-5
0.0
0.0
-9.07918019791312E-5
0.0
2.926274768098676E-5
7.050627408808313E-5
-1.588856534634796E-4
0.0
2.926274768098676E-5
2.0483923376690732E-4
1.4101254817616625E-4
-2.26979504947828E-5
0.0
-2.723754059373936E-4
0.0
0.0
2.926274768098676E-5
0.0
0.0
0.0
7.050627408808313E-5
7.050627408808313E-5
0.0
-2.26979504947828E-5
0.0
7.050627408808313E-5
-9.07918019791312E-4
7.050627408808313E-5
0.0
7.050627408808313E-5
7.050627408808313E-5
5.852549536197352E-5
0.0
-2.950733564321764E-4
0.0
7.050627408808313E-5
1.4101254817616625E-4
-2.26979504947828E-5
7.050627408808313E-5
0.0
0.0
0.0
7.050627408808313E-5
8.778824304296028E-5
2.926274768098676E-5
7.050627408808313E-5
7.050627408808313E-5
0.0
2.926274768098676E-5
1.4101254817616625E-4
1.463137384049338E-4
0.0
0.0
3.5253137044041565E-4
2.926274768098676E-5
0.0
7.050627408808313E-5
-2.26979504947828E-5
0.0
0.0
7.050627408808313E-5
1.4101254817616625E-4
-4.766569603904388E-4
-2.26979504947828E-5
0.0
2.926274768098676E-5
1.4101254817616625E-4
7.050627408808313E-5
1.4101254817616625E-4
-2.042815544530452E-4
-2.950733564321764E-4
8.778824304296028E-5
3.5253137044041565E-4
0.0
3.804157198528279E-4
-4.085631089060904E-4
0.0
-4.53959009895656E-5
0.0
-2.26979504947828E-5
0.0
1.4101254817616625E-4
7.050627408808313E-5
0.0
7.050627408808313E-5
1.463137384049338E-4
0.0
7.050627408808313E-5
5.852549536197352E-5
0.0
2.926274768098676E-5
2.926274768098676E-5
0.0
8.778824304296028E-5
0.0
0.0
0.0
1.463137384049338E-4
0.0
0.0
2.926274768098676E-5
0.0
7.050627408808313E-5
1.1705099072394704E-4
7.050627408808313E-5
0.0
0.0
5.852549536197352E-5
2.926274768098676E-5
0.0
5.852549536197352E-5
0.0
1.4101254817616625E-4
0.0
0.0
1.4101254817616625E-4
7.050627408808313E-5
5.852549536197352E-5
1.4101254817616625E-4
-1.13489752473914E-4
0.0
0.0
7.050627408808313E-5
-6.80938514843484E-5
-1.815836039582624E-4
7.050627408808313E-5
0.0
0.0
0.0
0.0
-2.950733564321764E-4
0.0
2.926274768098676E-5
2.926274768098676E-5
0.0
2.926274768098676E-5
0.0
0.0
1.7557648608592055E-4
7.050627408808313E-5
0.0
-8.852200692965292E-4
2.926274768098676E-5
2.926274768098676E-5
0.0
7.050627408808313E-5
0.0
0.0
-4.312610594008732E-4
0.0
1.4101254817616625E-4
-4.53959009895656E-5
2.926274768098676E-5
1.1705099072394704E-4
0.0
0.0
-2.26979504947828E-5
0.0
0.0
-4.53959009895656E-5
7.050627408808313E-5
1.463137384049338E-4
-1.13489752473914E-4
5.852549536197352E-5
0.0
-1.815836039582624E-4
0.0
7.050627408808313E-5
7.050627408808313E-5
1.4101254817616625E-4
7.050627408808313E-5
1.4101254817616625E-4
0.0
0.0
-1.361877029686968E-4
7.050627408808313E-5
1.4101254817616625E-4
1.4101254817616625E-4
5.852549536197352E-5
8.778824304296028E-5
0.0
2.926274768098676E-5
1.463137384049338E-4
5.852549536197352E-5
-2.496774554426108E-4
1.463137384049338E-4
2.926274768098676E-5
2.926274768098676E-5
0.0
7.050627408808313E-5
7.050627408808313E-5
0.0
-7.490323663278324E-4
2.926274768098676E-5
0.0
0.0
1.4101254817616625E-4
2.820250963523325E-4
7.050627408808313E-5
0.0
0.0
0.0
7.050627408808313E-5
7.050627408808313E-5
0.0
7.050627408808313E-5
0.0
0.0
7.050627408808313E-5
7.050627408808313E-5
8.778824304296028E-5
-1.361877029686968E-4
0.0
0.0
0.0
2.115188222642494E-4
0.0
0.0
8.778824304296028E-5
0.0
0.0
0.0
7.050627408808313E-5
-3.40469257421742E-4
2.926274768098676E-5
2.926274768098676E-5
0.0
0.0
0.0
7.050627408808313E-5
5.852549536197352E-5
-9.07918019791312E-5
-2.26979504947828E-5
0.0
-4.53959009895656E-5
7.050627408808313E-5
0.0
0.0
0.0
7.050627408808313E-5
0.0
0.0
-0.0010668036732547916
7.050627408808313E-5
0.0
7.050627408808313E-5
7.050627408808313E-5
2.926274768098676E-5
0.0
0.0
0.0
2.926274768098676E-5
2.926274768098676E-5
0.0
0.0
0.0
0.0
0.0
0.0
7.050627408808313E-5
-2.26979504947828E-5
0.0
7.050627408808313E-5
0.0
0.0
7.050627408808313E-5
0.0
0.0
7.050627408808313E-5
0.0
0.0
0.0
2.926274768098676E-5
0.0
0.0
2.926274768098676E-5
7.050627408808313E-5
-3.631672079165248E-4
0.0
7.050627408808313E-5
2.926274768098676E-5
7.050627408808313E-5
0.0
0.0
0.0
1.1705099072394704E-4
0.0
2.926274768098676E-5
7.050627408808313E-5
7.050627408808313E-5
-8.398241683069636E-4
0.0
0.0
2.926274768098676E-5
7.050627408808313E-5
0.0
0.0
1.463137384049338E-4
1.7557648608592055E-4
7.050627408808313E-5
2.820250963523325E-4
-2.26979504947828E-5
7.050627408808313E-5
0.0
0.0
0.0
1.463137384049338E-4
1.7557648608592055E-4
0.0
0.0
7.050627408808313E-5
1.4101254817616625E-4
0.0
0.0
0.0
7.050627408808313E-5
0.0
0.0
0.0
7.050627408808313E-5
1.4101254817616625E-4
0.0
0.0
-4.53959009895656E-5
7.050627408808313E-5
-2.950733564321764E-4
0.0
0.0
2.3410198144789408E-4
0.0
1.4101254817616625E-4
0.0
7.050627408808313E-5
0.0
0.0
2.926274768098676E-5
0.0
7.050627408808313E-5
8.778824304296028E-5
-9.07918019791312E-5
0.0
0.0
0.0
0.0
0.0
7.050627408808313E-5
7.050627408808313E-5
0.0
0.0
0.0
8.778824304296028E-5
1.1705099072394704E-4
0.0
7.050627408808313E-5
1.1705099072394704E-4
7.050627408808313E-5
0.0
7.050627408808313E-5
0.0
2.926274768098676E-4
8.778824304296028E-5
7.050627408808313E-5
3.5253137044041565E-4
1.4101254817616625E-4
0.0
0.0
0.0
0.0
4.230376445284988E-4
0.0
0.0
7.050627408808313E-5
1.1705099072394704E-4
0.0
2.115188222642494E-4
2.926274768098676E-5
7.050627408808313E-5
0.0
0.0
0.0
0.0
7.050627408808313E-5
2.926274768098676E-5
0.0
7.050627408808313E-5
2.820250963523325E-4
7.050627408808313E-5
2.3410198144789408E-4
-4.53959009895656E-5
0.0
0.0
0.0
0.0
-0.0025421704554156738
-5.220528613800044E-4
7.050627408808313E-5
5.852549536197352E-5
8.778824304296028E-5
-4.53959009895656E-4
0.0
7.050627408808313E-5
0.0
0.0
2.926274768098676E-5
0.0
0.0
5.852549536197352E-5
2.926274768098676E-5
0.0
0.0
0.0
-2.950733564321764E-4
0.0
0.0
0.0
5.852549536197352E-5
0.0
0.0
-9.07918019791312E-5
0.0
7.050627408808313E-5
2.115188222642494E-4
0.0
5.852549536197352E-5
7.050627408808313E-5
-1.588856534634796E-4
0.0
2.926274768098676E-5
7.050627408808313E-5
0.0
0.0
0.0
-1.361877029686968E-4
-1.588856534634796E-4
8.778824304296028E-5
0.0
0.0
0.0
2.926274768098676E-5
7.050627408808313E-5
0.0
0.0
5.852549536197352E-5
2.926274768098676E-5
0.0
2.926274768098676E-5
7.050627408808313E-5
0.0
2.820250963523325E-4
2.926274768098676E-5
2.820250963523325E-4
0.0
0.0
0.0
7.050627408808313E-5
0.0
0.0
7.050627408808313E-5
2.115188222642494E-4
2.926274768098676E-5
0.0
0.0
2.3410198144789408E-4
0.0
-5.220528613800044E-4
0.0
2.926274768098676E-5
2.926274768098676E-5
8.778824304296028E-5
2.926274768098676E-5
0.0
1.4101254817616625E-4
0.0
-4.085631089060904E-4
5.852549536197352E-5
2.926274768098676E-5
2.926274768098676E-5
1.1705099072394704E-4
7.050627408808313E-5
0.0
2.820250963523325E-4
0.0
-4.312610594008732E-4
1.1705099072394704E-4
1.7557648608592055E-4
0.0
5.852549536197352E-5
5.852549536197352E-5
7.050627408808313E-5
0.0
2.820250963523325E-4
0.0
0.0
0.0
0.0
7.755690149689145E-4
7.050627408808313E-5
0.0
7.050627408808313E-5
7.050627408808313E-5
0.0
1.463137384049338E-4
7.050627408808313E-5
-3.177713069269592E-4
-2.26979504947828E-4
-5.447508118747872E-4
0.0
7.050627408808313E-5
1.4101254817616625E-4
0.0
0.0
-2.042815544530452E-4
7.050627408808313E-5
0.0
0.0
0.0
-2.950733564321764E-4
0.0
1.4101254817616625E-4
0.0
0.0
8.778824304296028E-5
0.0
8.778824304296028E-5
7.050627408808313E-5
0.0
2.820250963523325E-4
8.778824304296028E-5
0.0
2.926274768098676E-5
-0.0017250442376034929
2.926274768098676E-5
0.0
0.0
0.0
0.0
1.4101254817616625E-4
0.0
0.0
-4.53959009895656E-5
0.0
7.050627408808313E-5
0.0
7.050627408808313E-5
2.926274768098676E-5
0.0
0.0
0.0
2.926274768098676E-5
7.050627408808313E-5
-4.085631089060904E-4
0.0
0.0
0.0
2.926274768098676E-5
1.4101254817616625E-4
0.0
-4.312610594008732E-4
0.0
0.0
7.050627408808313E-5
0.0
7.050627408808313E-5
0.0
