-0.0030012153131400363
0.0
0.0
0.0
0.0
0.0
0.0
0.0
0.0
0.0
0.0
0.0
0.0
-2.873504023219183E-4
1.234863667699732E-4
0.0
0.0
-6.38556449604263E-5
0.0
-2.873504023219183E-4
0.0
0.0
0.0
0.0
8.232424451331546E-5
0.0
0.0
0.0
0.0
0.0
0.0
0.0
0.0
0.0
0.0
0.0
0.0
0.0
0.0
0.0
0.0
0.0
0.0
0.0
0.0
0.0
8.232424451331546E-5
0.0
9.917687516954432E-5
0.0
0.0
0.0
0.0
0.0
0.0
-5.108451596834104E-4
0.0
0.0
0.0
0.0
0.0
0.0
1.9835375033908865E-4
0.0
-1.9156693488127892E-4
0.0
0.0
0.0
0.0
0.0
0.0
-9.578346744063946E-5
0.0
1.9835375033908865E-4
0.0
-3.5120604728234466E-4
0.0
4.116212225665773E-5
9.917687516954432E-5
0.0
0.0
-0.003512060472823447
0.0
-4.469895147229841E-4
-1.277112899208526E-4
-1.5963911240106574E-4
0.0
0.0
-6.38556449604263E-5
0.0
0.0
-3.192782248021315E-5
-3.192782248021315E-5
-3.192782248021315E-5
0.0
0.0
-1.9156693488127892E-4
9.917687516954432E-5
0.0
-3.192782248021315E-5
0.0
0.0
0.0
0.0
0.0
0.0
0.0
-0.018581992683484056
0.0
9.917687516954432E-5
0.0
0.0
-1.5963911240106574E-4
8.232424451331546E-5
0.0
0.0
0.0
0.0
0.0
0.0
0.0
-1.277112899208526E-4
0.0
0.0
0.0
0.0
0.0
0.0
0.0
0.0
0.0
0.0
0.0
0.0
0.0
4.116212225665773E-5
0.0
0.0
-9.578346744063946E-5
9.917687516954432E-5
0.0
0.0
0.0
1.234863667699732E-4
0.0
0.0
0.0
0.0
0.0
0.0
0.0
0.0
0.0
0.0
0.0
0.0
0.0
0.0
-1.5963911240106574E-4
0.0
0.0
0.0
0.0
0.0
0.0
0.0
0.0
0.0
0.0
0.0
-3.192782248021315E-5
0.0
0.0
0.0
0.0
-3.8313386976255784E-4
4.116212225665773E-5
0.0
4.116212225665773E-5
0.0
-6.38556449604263E-5
0.0
0.0
0.0
0.0
0.0
0.0
0.0
0.0
0.0
0.0
0.0
0.0
-1.277112899208526E-4
0.0
0.0
0.0
0.0
0.0
0.0
0.0
0.0
-3.192782248021315E-5
0.0
-1.277112899208526E-4
-8.939790294459682E-4
0.0
0.0
0.0
0.0
4.116212225665773E-5
0.0
0.0
0.0
-3.192782248021315E-5
0.0
0.0
0.0
0.0
0.0
0.0
0.0
0.0
0.0
0.0
0.0
0.0
0.0
0.0
-3.192782248021315E-5
0.0
0.0
2.0581061128328865E-4
0.0
0.0
0.0
0.0
0.0
0.0
0.0
0.0
1.234863667699732E-4
0.0
0.0
4.116212225665773E-5
0.0
0.0
-1.9156693488127892E-4
0.0
0.0
0.0
0.0
0.0
0.0
0.0
-0.004501822969710054
0.0
0.0
0.0
0.0
0.0
0.0
0.0
0.0
0.0
0.0
0.0
0.0
0.0
0.0
0.0
0.0
0.0
0.0
0.0
0.0
0.0
0.0
0.0
-6.38556449604263E-5
0.0
-1.277112899208526E-4
0.0
6.942381261868103E-4
0.0
9.917687516954432E-5
0.0
-3.192782248021315E-5
-3.8313386976255784E-4
0.0
0.0
0.0
0.0
0.0
0.0
0.0
0.0
0.0
0.0
0.0
0.0
9.917687516954432E-5
9.917687516954432E-5
0.0
0.0
0.0
-3.192782248021315E-5
0.0
9.917687516954432E-5
9.917687516954432E-5
0.0
-3.192782248021315E-5
0.0
-5.108451596834104E-4
0.0
4.116212225665773E-5
0.0
0.0
0.0
-2.2349475736149204E-4
-3.192782248021315E-5
-0.001085545964327247
-1.277112899208526E-4
0.0
0.0
0.0
0.0
-3.192782248021315E-5
0.0
-9.578346744063946E-5
7.934150013563546E-4
0.0
0.0
0.0
0.0
0.0
0.0
-0.007056048768127106
0.0
0.0
0.0
0.0
0.0
0.0
0.0
-6.066286271240499E-4
-1.277112899208526E-4
0.0
-1.277112899208526E-4
0.0
0.0
0.0
0.0
-2.2349475736149204E-4
0.0
0.0
0.0
0.0
0.0
0.0
-6.38556449604263E-5
0.0
0.0
0.0
0.0
0.0
0.0
0.0
-5.747008046438366E-4
0.0
0.0
0.0
0.0
-1.5963911240106574E-4
0.0
0.0
-2.2349475736149204E-4
0.0
0.0
0.0
0.0
0.0
0.0
0.0
0.0
0.0
0.0
0.0
0.0
0.0
0.0
0.0
0.0
0.0
0.0
4.116212225665773E-5
4.116212225665773E-5
0.0
0.0
0.0
0.0
0.0
0.0
0.0
0.0
0.0
4.116212225665773E-5
0.0
0.0
0.0
0.0
0.0
0.0
0.0
0.0
-7.343399170449026E-4
0.0
0.0
0.0
-3.192782248021315E-5
0.0
-2.2349475736149204E-4
9.917687516954432E-5
0.0
0.0
0.0
-1.277112899208526E-4
-9.578346744063946E-5
0.0
4.116212225665773E-5
0.0
0.0
0.0
0.0
0.0
-6.704842720844762E-4
0.0
0.0
0.0
-3.192782248021315E-5
0.0
0.0
-9.578346744063946E-5
0.0
0.0
-3.192782248021315E-5
4.116212225665773E-5
0.0
0.0
0.0
0.0
0.0
0.0
0.0
-3.192782248021315E-5
0.0
1.9835375033908865E-4
0.0
0.0
0.0
0.0
0.0
0.0
0.0
0.0
-3.192782248021315E-5
0.0
-9.578346744063946E-5
0.0
0.0
0.0
0.0
0.0
0.0
-4.1506169224277096E-4
0.0
0.0
4.116212225665773E-5
0.0
0.0
0.0
0.0
-6.38556449604263E-5
8.232424451331546E-5
0.0
0.0
0.0
0.0
0.0
0.0
0.0
0.0
0.0
0.0
0.0
0.0
0.0
0.0
0.0
-4.1506169224277096E-4
-9.578346744063946E-5
0.0
0.0
0.0
0.0
0.0
0.0
0.0
0.0
0.0
9.917687516954432E-5
0.0
0.0
-3.192782248021315E-5
0.0
0.0
0.0
-2.554225798417052E-4
-1.277112899208526E-4
0.0
-6.38556449604263E-5
-1.277112899208526E-4
-6.38556449604263E-5
0.0
9.917687516954432E-5
0.0
0.0
-6.38556449604263E-5
0.0
0.0
0.0
-6.38556449604263E-5
0.0
-5.427729821636235E-4
0.0
9.917687516954432E-5
0.0
0.0
4.958843758477217E-4
-6.38556449604263E-5
-3.192782248021315E-5
-3.192782248021315E-5
-6.38556449604263E-5
0.0
-1.9156693488127892E-4
0.0
0.0
0.0
0.0
0.0
0.0
0.0
0.0
0.0
0.0
0.0
1.234863667699732E-4
0.0
0.0
0.0
0.0
0.0
0.0
0.0
-9.578346744063946E-5
0.0
-6.38556449604263E-5
-3.192782248021315E-5
0.0
0.0
0.0
0.0
0.0
-1.9156693488127892E-4
0.0
0.0
-2.873504023219183E-4
0.0
0.0
0.0
-0.0017879580588919363
9.917687516954432E-5
0.0
0.0
0.0
0.0
0.0
0.0
-3.192782248021315E-4
0.0
0.0
0.0
-1.5963911240106574E-4
0.0
-5.108451596834104E-4
-3.192782248021315E-5
-2.873504023219183E-4
0.0
0.0
0.0
0.0
-3.192782248021315E-5
0.0
0.0
0.0
0.0
0.0
0.0
0.0
-5.427729821636235E-4
0.0
0.0
0.0
0.0
-1.277112899208526E-4
0.0
0.0
0.0
0.0
0.0
0.0
0.0
-3.192782248021315E-5
0.0
0.0
0.0
0.0
0.0
9.917687516954432E-5
0.0
0.0
0.0
0.0
0.0
4.116212225665773E-5
0.0
0.0
0.0
0.0
-1.5963911240106574E-4
0.0
0.0
0.0
0.0
0.0
-9.578346744063946E-5
0.0
0.0
0.0
0.0
0.0
0.0
0.0
-6.38556449604263E-5
0.0
0.0
0.0
0.0
-1.277112899208526E-4
-2.2349475736149204E-4
1.9835375033908865E-4
0.0
0.0
0.0
0.0
0.0
0.0
0.0
0.0
4.116212225665773E-5
0.0
0.0
0.0
0.0
0.0
-1.9156693488127892E-4
0.0
0.0
0.0
0.0
0.0
-9.578346744063946E-5
0.0
0.0
0.0
-3.192782248021315E-5
0.0
0.0
-6.38556449604263E-5
0.0
0.0
0.0
0.0
0.0
0.0
0.0
0.0
0.0
0.0
0.0
-3.192782248021315E-5
0.0
0.0
0.0
-6.38556449604263E-5
0.0
-1.5963911240106574E-4
-3.192782248021315E-5
0.0
0.0
-3.192782248021315E-5
-4.789173372031973E-4
2.9753062550863296E-4
0.0
0.0
0.0
0.0
0.0
0.0
0.0
0.0
0.0
9.917687516954432E-5
0.0
0.0
-3.192782248021315E-5
0.0
4.116212225665773E-5
0.0
0.0
0.0
0.0
0.0
0.0
0.0
0.0
0.0
9.917687516954432E-5
0.0
0.0
0.0
0.0
0.0
-3.192782248021315E-5
0.0
-9.578346744063946E-5
0.0
-6.38556449604263E-5
0.0
0.0
-4.1506169224277096E-4
0.0
0.0
0.0
0.0
2.9753062550863296E-4
0.0
0.0
0.0
0.0
4.116212225665773E-5
0.0
0.0
-6.066286271240499E-4
-1.277112899208526E-4
0.0
0.0
0.0
0.0
0.0
0.0
0.0
0.0
0.0
0.0
-9.578346744063946E-5
0.0
0.0
0.0
0.0
0.0
9.917687516954432E-5
0.0
0.0
0.0
0.0
0.0
0.0
0.0
0.0
0.0
0.0
0.0
0.0
0.0
0.0
0.0
1.9835375033908865E-4
0.0
3.967075006781773E-4
0.0
9.917687516954432E-5
-3.192782248021315E-5
0.0
0.0
0.0
0.0
0.0
0.0
0.0
0.0
0.0
4.116212225665773E-5
0.0
-2.873504023219183E-4
0.0
-3.8313386976255784E-4
0.0
0.0
0.0
2.8813485579660405E-4
0.0
0.0
0.0
0.0
-0.0017560302364117235
1.9835375033908865E-4
-1.9156693488127892E-4
0.0
0.0
0.0
0.0
9.917687516954432E-5
0.0
0.0
0.0
0.0
0.0
0.0
0.0
1.9835375033908865E-4
0.0
0.0
0.0
0.0
0.0
0.0
-1.277112899208526E-4
9.917687516954432E-5
-3.8313386976255784E-4
0.0
0.0
0.0
0.0
0.0
0.0
0.0
0.0
0.0
0.0
0.0
-1.277112899208526E-4
-3.192782248021315E-4
0.0
0.0
0.0
0.0
-3.192782248021315E-5
0.0
-9.578346744063946E-5
0.0
4.116212225665773E-5
-2.554225798417052E-4
0.0
0.0
0.0
0.0
0.0
0.0
0.0
0.0
0.0
0.0
0.0
0.0
0.0
0.0
0.0
-1.5963911240106574E-4
0.0
0.0
-3.192782248021315E-5
-6.38556449604263E-5
0.0
0.0
0.0
0.0
0.0
0.0
0.0
0.0
0.0
0.0
-4.469895147229841E-4
0.0
0.0
0.0
0.0
-6.38556449604263E-5
0.0
9.917687516954432E-5
0.0
0.0
0.0
0.0
0.0
-9.578346744063946E-5
-3.192782248021315E-5
0.0
0.0
0.0
0.0
0.0
0.0
0.0
0.0
-6.38556449604263E-5
0.0
0.0
0.0
0.0
-3.192782248021315E-5
0.0
0.0
0.0
0.0
4.958843758477217E-4
0.0
1.9835375033908865E-4
0.0
0.0
0.0
-2.554225798417052E-4
0.0
0.0
0.0
0.0
0.0
0.0
0.0
0.0
-2.2349475736149204E-4
1.234863667699732E-4
0.0
-9.578346744063946E-5
0.0
0.0
0.0
2.9753062550863296E-4
9.917687516954432E-5
0.0
0.0
0.0
1.9835375033908865E-4
0.0
0.0
0.0
0.0
0.0
0.0
0.0
1.234863667699732E-4
0.0
0.0
0.0
0.0
0.0
8.232424451331546E-5
-6.38556449604263E-5
0.0
0.0
4.116212225665773E-5
0.0
0.0
0.0
0.0
0.0
-6.38556449604263E-5
-3.192782248021315E-5
0.0
0.0
0.0
2.0581061128328865E-4
-1.277112899208526E-4
0.0
0.0
-9.578346744063946E-4
-3.192782248021315E-5
-6.38556449604263E-5
0.0
0.0
0.0
0.0
0.0
0.0
-6.38556449604263E-5
0.0
9.917687516954432E-5
0.0
0.0
0.0
0.0
0.0
0.0
0.0
0.0
0.0
0.0
0.0
0.0
-1.9156693488127892E-4
-3.192782248021315E-5
0.0
9.917687516954432E-5
0.0
0.0
0.0
0.0
0.0
0.0
0.0
0.0
0.0
0.0
0.0
0.0
0.0
0.0
0.0
0.0
0.0
0.0
9.917687516954432E-5
1.9835375033908865E-4
0.0
0.0
0.0
0.0
0.0
0.0
0.0
0.0
0.0
9.917687516954432E-5
0.0
0.0
0.0
0.0
0.0
0.0
0.0
0.0
0.0
0.0
0.0
0.0
0.0
0.0
0.0
0.0
0.0
0.0
-0.0015644633015304444
0.0
0.0
0.0
0.0
0.0
-1.277112899208526E-4
0.0
4.958843758477217E-4
0.0
0.0
0.0
0.0
0.0
0.0
0.0
0.0
-3.192782248021315E-5
0.0
0.0
0.0
0.0
0.0
0.0
2.9753062550863296E-4
-3.192782248021315E-4
0.0
0.0
0.0
0.0
0.0
9.917687516954432E-5
0.0
0.0
-3.192782248021315E-5
0.0
0.0
-6.38556449604263E-5
0.0
0.0
0.0
1.9835375033908865E-4
0.0
0.0
0.0
0.0
-3.192782248021315E-5
0.0
0.0
0.0
0.0
0.0
0.0
-6.38556449604263E-5
0.0
0.0
0.0
0.0
0.0
0.0
0.0
-2.2349475736149204E-4
-9.578346744063946E-5
0.0
0.0
0.0
0.0
-4.1506169224277096E-4
0.0
0.0
-2.2349475736149204E-4
0.0
0.0
0.0
0.0
0.0
0.0
0.0
0.0
0.0
0.0
0.0
0.0
-3.192782248021315E-5
-0.003767483052665152
-6.704842720844762E-4
0.0
-1.9156693488127892E-4
0.0
0.0
0.0
0.0
0.0
0.0
0.0
0.0
0.0
8.232424451331546E-5
0.0
0.0
0.0
-2.554225798417052E-4
0.0
0.0
0.0
0.0
0.0
9.917687516954432E-5
0.0
0.0
0.0
0.0
0.0
0.0
0.0
0.0
0.0
0.0
0.0
0.0
8.232424451331546E-5
0.0
0.0
0.0
-2.554225798417052E-4
1.9835375033908865E-4
0.0
0.0
0.0
0.0
0.0
0.0
0.0
0.0
0.0
0.0
-5.427729821636235E-4
0.0
-3.192782248021315E-5
0.0
0.0
0.0
0.0
0.0
2.0581061128328865E-4
-1.9156693488127892E-4
0.0
0.0
0.0
0.0
0.0
0.0
0.0
0.0
0.0
0.0
0.0
0.0
0.0
0.0
0.0
0.0
0.0
0.0
0.0
0.0
0.0
0.0
0.0
3.967075006781773E-4
-0.002713864910818118
9.917687516954432E-5
9.917687516954432E-5
-9.578346744063946E-5
0.0
0.0
0.0
0.0
0.0
0.0
0.0
-6.38556449604263E-5
0.0
0.0
-3.192782248021315E-5
0.0
0.0
0.0
0.0
0.0
0.0
0.0
0.0
-3.192782248021315E-5
0.0
0.0
2.0581061128328865E-4
0.0
0.0
0.0
4.116212225665773E-5
9.917687516954432E-5
0.0
8.232424451331546E-5
0.0
0.0
0.0
-6.38556449604263E-4
6.942381261868103E-4
0.0
0.0
0.0
0.0
0.0
0.0
0.0
0.0
0.0
0.0
0.0
0.0
0.0
-3.192782248021315E-5
0.0
0.0
0.0
0.0
0.0
0.0
-6.38556449604263E-5
0.0
0.0
0.0
0.0
-3.192782248021315E-5
0.0
-3.192782248021315E-5
-9.578346744063946E-5
0.0
0.0
0.0
-3.192782248021315E-5
0.0
0.0
0.0
0.0
0.0
0.0
0.0
-3.192782248021315E-5
0.0
0.0
-1.277112899208526E-4
0.0
0.0
0.0
0.0
0.0
0.0
0.0
0.0
-1.277112899208526E-4
0.0
0.0
0.0
-9.897624968866075E-4
0.0
0.0
0.0
0.0
0.0
7.820803228764968E-4
0.0
0.0
0.0
0.0
0.0
0.0
0.0
-9.578346744063946E-5
-9.578346744063946E-5
0.0
0.0
0.0
0.0
0.0
0.0
0.0
0.0
0.0
0.0
0.0
0.0
0.0
9.917687516954432E-5
-3.192782248021315E-4
0.0
0.0
0.0
4.116212225665773E-5
0.0
0.0
9.917687516954432E-5
9.917687516954432E-5
0.0
0.0
0.0
-3.192782248021315E-5
0.0
0.0
0.0
0.0
0.0
0.0
0.0
0.0
9.917687516954432E-5
0.0
0.0
-9.578346744063946E-5
-3.192782248021315E-5
0.0
-6.38556449604263E-5
0.0
0.0
0.0
0.0
1.9835375033908865E-4
0.0
0.0
0.0
9.917687516954432E-5
0.0
0.0
0.0
0.0
0.0
0.0
0.0
0.0
0.0
0.0
0.0
1.9835375033908865E-4
0.0
0.0
0.0
0.0
9.917687516954432E-5
0.0
0.0
0.0
0.0
0.0
0.0
0.0
0.0
0.0
0.0
0.0
0.0
-3.192782248021315E-5
0.0
0.0
1.234863667699732E-4
0.0
0.0
0.0
0.0
4.116212225665773E-5
0.0
0.0
0.0
0.0
0.0
0.0
-2.554225798417052E-4
0.0
0.0
0.0
0.0
0.0
0.0
0.0
0.0
0.0
0.0
0.0
-9.578346744063946E-5
0.0
0.0
1.9835375033908865E-4
4.116212225665773E-5
0.0
0.0
9.917687516954432E-5
0.0
0.0
-9.578346744063946E-5
0.0
-6.38556449604263E-5
-1.9156693488127892E-4
0.0
0.0
-5.108451596834104E-4
0.0
2.9753062550863296E-4
0.0
0.0
0.0
0.0
0.0
0.0
0.0
2.8813485579660405E-4
0.0
0.0
0.0
-3.192782248021315E-5
0.0
0.0
3.967075006781773E-4
-3.192782248021315E-5
9.917687516954432E-5
0.0
0.0
0.0
0.0
0.0
0.0
0.0
0.0
0.0
0.0
0.0
0.0
0.0
0.0
0.0
0.0
0.0
0.0
0.0
-6.38556449604263E-5
0.0
9.917687516954432E-5
0.0
0.0
1.234863667699732E-4
0.0
0.0
0.0
0.0
0.0
0.0
9.917687516954432E-5
-9.578346744063946E-5
0.0
4.116212225665773E-5
-7.024120945646893E-4
0.0
0.0
0.0
0.0
-2.873504023219183E-4
0.0
0.001487653127543165
-3.192782248021315E-4
0.0
0.0
0.0
0.0
9.917687516954432E-5
0.0
-4.789173372031973E-4
-1.277112899208526E-4
0.0
0.0
0.0
0.0
0.0
0.0
0.0
0.0
-4.789173372031973E-4
9.917687516954432E-5
0.0
0.0
0.0
0.0
0.0
0.0
0.0
1.9835375033908865E-4
0.0
0.0
0.0
0.0
0.0
-3.192782248021315E-5
9.917687516954432E-5
0.0
0.0
9.917687516954432E-5
0.0
0.0
0.0
0.0
0.0
0.0
0.0
0.0
0.0
0.0
0.0
0.0
0.0
0.0
0.0
0.0
-6.38556449604263E-5
0.0
0.0
0.0
9.917687516954432E-5
0.0
0.0
4.116212225665773E-5
0.0
0.0
0.0
2.9753062550863296E-4
-0.001277112899208526
0.0
0.0
-2.873504023219183E-4
0.0
0.0
0.0
0.0
0.0
0.0
0.0
0.0
0.0
0.0
0.0
0.0
0.0
-3.8313386976255784E-4
0.0
0.0
0.0
0.0
0.0
-0.001277112899208526
0.0
1.9835375033908865E-4
0.0
-1.277112899208526E-4
0.0
0.0
0.0
0.0
0.0
0.0
0.0
0.0
-0.0019156693488127893
-8.301233844855419E-4
-6.38556449604263E-5
0.0
-6.38556449604263E-4
0.0
0.0
9.917687516954432E-5
0.0
0.0
-3.192782248021315E-5
0.0
0.0
4.116212225665773E-5
0.0
0.0
0.0
0.0
0.0
0.0
0.0
0.0
0.0
0.0
0.0
0.0
0.0
0.0
0.0
0.0
0.0
0.0
0.0
0.0
9.917687516954432E-5
0.0
0.0
0.0
0.0
0.0
0.0
0.0
0.0
0.0
0.0
0.0
-0.0010536181418470338
0.0
-3.192782248021315E-5
4.116212225665773E-5
-1.5963911240106574E-4
0.0
2.9753062550863296E-4
0.0
0.0
-0.0015006076565700181
-3.192782248021315E-5
-2.873504023219183E-4
0.0
0.0
0.0
-3.192782248021315E-5
0.0
0.0
0.0
0.0
0.0
0.0
0.0
0.0
9.917687516954432E-5
0.0
0.0
0.0
0.0
-3.192782248021315E-5
0.0
0.0
0.0
0.0
0.0
0.0
-0.0042464003898683485
0.0
0.0
0.0
0.0
4.958843758477217E-4
0.0
0.0
0.0
0.0
0.0
0.0
0.0
-0.003543988295303659
0.0
0.0
-2.873504023219183E-4
0.0
0.0
0.0
0.0
4.116212225665773E-5
0.0
0.0
0.0
0.0
0.0
-2.2349475736149204E-4
-3.192782248021315E-5
0.0
0.0
0.0
0.0
0.0
0.0
0.0
0.0
4.116212225665773E-5
0.0
-6.066286271240499E-4
0.0
0.0
0.0
0.0
-3.192782248021315E-5
-1.277112899208526E-4
0.0
0.0
-1.277112899208526E-4
0.0
9.917687516954432E-5
0.0
-6.38556449604263E-5
0.0
0.0
0.0
4.116212225665773E-5
0.0
-3.192782248021315E-5
0.0
0.0
0.0
0.0
0.0
0.0
0.0
0.0
0.0
0.0
9.917687516954432E-5
0.0
0.0
1.234863667699732E-4
0.0
0.0
0.0
0.0
0.0
0.0
2.469727335399464E-4
-4.1506169224277096E-4
-9.578346744063946E-5
0.0
-3.8313386976255784E-4
0.0
-3.192782248021315E-5
0.0
0.0
9.917687516954432E-5
0.0
0.0
0.0
0.0
0.0
0.0
0.0
-9.897624968866075E-4
0.0
0.0
-6.38556449604263E-5
0.0
0.0
0.0
-0.004469895147229841
-3.192782248021315E-5
0.0
0.0
0.0
0.0
-3.192782248021315E-5
-2.873504023219183E-4
0.0
0.0
0.0
0.0
-1.277112899208526E-4
9.917687516954432E-5
0.0
0.0
0.0
0.0
0.0
0.0
0.0
0.0
-9.578346744063946E-5
9.917687516954432E-5
0.0
0.0
0.0
0.0
0.0
0.0
0.0
0.0
-9.578346744063946E-5
0.0
0.0
0.0
0.0
0.0
2.9753062550863296E-4
0.0
0.0
0.0
2.469727335399464E-4
-4.469895147229841E-4
0.0
0.0
0.0
0.0
0.0
0.0
0.0
8.232424451331546E-5
-3.192782248021315E-5
0.0
0.0
0.0
0.0
0.0
0.0
3.967075006781773E-4
9.917687516954432E-5
0.0
0.0
0.0
1.9835375033908865E-4
-3.192782248021315E-5
9.917687516954432E-5
-7.024120945646893E-4
0.0
0.0
0.0
0.0
-3.192782248021315E-5
0.0
0.0
0.0
0.0
0.0
0.0
0.0
0.0
0.0
0.0
0.0
0.0
-3.192782248021315E-5
0.0
0.0
0.0
0.0
9.917687516954432E-5
0.0
0.0
0.0
0.0
0.0
0.0
0.0
0.0
0.0
0.0
0.0
0.0
0.0
0.0
0.0
-9.578346744063946E-5
-3.192782248021315E-5
0.0
0.0
0.0
0.0
0.0
0.0
4.116212225665773E-5
0.0
-6.38556449604263E-5
0.0
0.0
-3.5120604728234466E-4
0.0
-2.554225798417052E-4
0.0
-1.5963911240106574E-4
0.0
1.6464848902663092E-4
0.0
0.0
0.0
4.116212225665773E-5
0.0
0.0
8.925918765258988E-4
0.0
0.0
4.116212225665773E-5
0.0
0.0
0.0
0.0
0.0
-1.9156693488127892E-4
0.0
0.0
0.0
0.0
0.0
0.0
4.116212225665773E-5
0.0
0.0
0.0
0.0
0.0
0.0
0.0
0.0
-6.38556449604263E-5
0.0
0.0
2.9753062550863296E-4
0.0
0.0
0.0
0.0
0.0
0.0
0.0
0.0
0.0
0.0
0.0
-1.277112899208526E-4
0.0
-3.192782248021315E-5
0.0
0.0
0.0
0.0
0.0
0.0
0.0
0.0
0.0
0.0
0.0
-6.38556449604263E-5
-2.873504023219183E-4
0.0
0.0
0.0
0.0
0.0
-9.578346744063946E-4
-3.192782248021315E-5
0.0
0.0
0.0
0.0
0.0
2.9753062550863296E-4
0.0
0.0
0.0
-9.578346744063946E-5
-6.38556449604263E-4
0.0
0.0
0.0
0.0
-9.578346744063946E-5
0.0
0.0
0.0
0.0
-3.192782248021315E-5
0.0
9.917687516954432E-5
0.0
0.0
0.0
0.0
0.0
0.0
-3.5120604728234466E-4
0.0
0.0
0.0
-3.8313386976255784E-4
4.116212225665773E-5
0.0
-3.192782248021315E-5
-6.38556449604263E-5
0.0
-9.578346744063946E-5
0.0
0.0
0.0
0.0
0.0
0.0
0.0
0.0
0.0
0.0
0.0
0.0
0.0
0.0
0.0
0.0
0.0
0.0
-3.192782248021315E-5
0.0
-4.789173372031973E-4
-2.873504023219183E-4
0.0
0.0
0.0
0.0
0.0
0.0
-1.9156693488127892E-4
-3.192782248021315E-5
0.0
2.0581061128328865E-4
0.0
-3.192782248021315E-5
0.0
0.0
0.0
4.116212225665773E-5
0.0
0.0
0.0
0.0
0.0
0.0
0.0
0.0
-3.192782248021315E-5
0.0
9.917687516954432E-5
0.0
0.0
-1.277112899208526E-4
9.917687516954432E-5
0.0
0.0
0.0
0.0
0.0
9.917687516954432E-5
0.0
0.0
0.0
0.0
0.0
0.0
0.0
0.0
0.0
0.0
-6.38556449604263E-5
0.0
0.0
0.0
0.0
0.0
0.0
0.0
0.0
-3.192782248021315E-5
0.0
0.0
0.0
-4.469895147229841E-4
0.0
0.0
0.0
0.0
0.0
-0.0024265145084961994
-0.0013728963666491656
0.0
0.0
0.0
0.0
0.0
-6.38556449604263E-5
1.9835375033908865E-4
0.0
0.0
0.0
0.0
0.0
0.0
-0.0028735040232191838
0.0
0.0
-6.38556449604263E-5
0.0
0.0
0.0
0.0
0.0
0.0
0.0
0.0
0.0
0.0
4.116212225665773E-5
0.0
0.0
-0.0028096483782587573
0.0
0.0
0.0
0.0
0.0
0.0
0.0
0.0
0.0
0.0
0.0
0.0
9.917687516954432E-5
0.0
-2.873504023219183E-4
-8.620512069657552E-4
0.0
0.0
0.0
0.0
0.0
0.0
0.0
0.0
0.0
0.0
0.0
0.0
0.0
0.0
0.0
0.0
-3.192782248021315E-5
0.0
0.0
0.0
1.234863667699732E-4
0.0
0.0
0.0
0.0
4.116212225665773E-5
0.0
0.0
0.0
0.0
-6.38556449604263E-5
1.9835375033908865E-4
9.917687516954432E-5
0.0
0.0
0.0
0.0
0.0
0.0
0.0
0.0
0.0
0.0
-9.259068519261814E-4
0.0
0.0
9.917687516954432E-5
5.950612510172659E-4
9.917687516954432E-5
0.0
0.0
0.0
0.0
0.0
0.0
0.0
-1.9156693488127892E-4
0.0
0.0
0.0
0.0
0.0
0.0
0.0
0.0
9.917687516954432E-5
0.0
0.0
-0.0021072362836940675
0.0
0.0
-3.192782248021315E-5
0.0
0.0
0.0
0.0
-6.38556449604263E-5
9.917687516954432E-5
0.0
0.0
0.0
-4.1506169224277096E-4
0.0
-0.0021072362836940675
0.0
1.9835375033908865E-4
0.0
0.0
0.0
0.0
0.0
0.0
0.0
0.0
-6.38556449604263E-5
0.0
9.917687516954432E-5
0.0
-6.38556449604263E-5
0.0
0.0
0.0
0.0
0.0
0.0
-3.192782248021315E-5
0.0
0.0
0.0
0.0
-6.38556449604263E-4
0.0
0.0
0.0
0.0
0.0
0.0
0.0
0.0
0.0
0.0
8.232424451331546E-5
0.0
0.0
0.0
0.0
0.0
0.0
0.0
0.0
0.0
-1.9156693488127892E-4
0.0
0.0
0.0
0.0
-9.578346744063946E-4
0.0
-1.9156693488127892E-4
-6.38556449604263E-5
4.116212225665773E-5
0.0
0.0
0.0
0.0
0.0
-4.1506169224277096E-4
-0.004086761277467283
-5.427729821636235E-4
0.0
0.0
0.0
-0.001277112899208526
0.0
-3.192782248021315E-5
-3.192782248021315E-5
0.0
-3.192782248021315E-5
0.0
-9.578346744063946E-5
1.6464848902663092E-4
0.0
0.0
0.0
0.0
0.0
0.0
0.0
0.0
8.232424451331546E-5
0.0
0.0
0.0
0.0
0.0
0.0
0.0
0.0
0.0
0.0
0.0
0.0
0.0
0.0
0.0
0.0
9.917687516954432E-5
0.0
0.0
0.0
9.917687516954432E-5
0.0
0.0
0.0
0.0
0.0
0.0
0.0
0.0
0.0
0.0
-6.38556449604263E-5
0.0
0.0
0.0
-6.38556449604263E-5
-3.192782248021315E-5
0.0
0.0
0.0
4.116212225665773E-5
0.0
-1.277112899208526E-4
0.0
0.0
0.0
0.0
0.0
0.0
4.116212225665773E-4
0.0
0.0
0.0
-1.5963911240106574E-4
0.0
0.0
0.0
0.0
9.917687516954432E-5
0.0
-5.427729821636235E-4
0.0
0.0
0.0
-2.554225798417052E-4
0.0
0.0
0.0
-0.0010536181418470338
0.0
0.0
0.0
-3.192782248021315E-5
0.0
0.0
-2.554225798417052E-4
-9.578346744063946E-5
0.0
0.0
-6.38556449604263E-5
0.0
0.0
-3.192782248021315E-5
0.0
9.917687516954432E-5
0.0
0.0
0.0
0.0
0.0
0.0
-6.38556449604263E-5
9.917687516954432E-5
-6.38556449604263E-5
0.0
0.0
1.9835375033908865E-4
0.0
0.0
0.0
0.0
0.0
0.0
0.0
0.0
-6.38556449604263E-5
0.0
0.0
0.0
0.0
0.0
0.0
-2.2349475736149204E-4
0.0
-9.578346744063946E-5
0.0
0.0
0.0
0.0
0.0
0.0
0.0
-0.018901270908286184
4.116212225665773E-5
0.0
0.0
0.0
-0.0014048241891293787
0.0
0.0
0.0
0.0
4.958843758477217E-4
0.0
-0.008620512069657551
0.0
0.0
-3.192782248021315E-5
0.0
0.0
0.0
0.0
0.0
0.0
0.0
0.0
0.0
0.0
0.0
-1.277112899208526E-4
0.0
0.0
0.0
0.0
0.0
0.0
8.232424451331546E-5
-3.192782248021315E-4
-3.192782248021315E-5
0.0
-3.192782248021315E-5
0.0
0.0
0.0
0.0
0.0
0.0
0.0
-1.277112899208526E-4
0.0
0.0
0.0
0.0
-6.38556449604263E-5
0.0
0.0
0.0
-6.38556449604263E-5
-4.469895147229841E-4
0.0
0.0
0.0
0.0
0.0
0.0
0.0
0.0
0.0
0.0
0.0
0.0
-9.578346744063946E-5
0.0
0.0
0.0
0.0
0.0
0.0
3.967075006781773E-4
0.0
0.0
0.0
2.8813485579660405E-4
4.116212225665773E-5
1.9835375033908865E-4
4.116212225665773E-5
0.0
0.0
-9.578346744063946E-5
0.0
0.0
0.0
0.0
0.0
0.0
0.0
0.0
0.0
0.0
0.0
-2.554225798417052E-4
0.0
-0.0037036274077047256
0.0
0.0
0.0
0.0
-1.277112899208526E-4
0.0
-1.9156693488127892E-4
0.0
0.0
0.0
0.0
0.0
-1.9156693488127892E-4
0.0
0.0
0.0
0.0
0.0
0.0
-0.0060662862712404985
0.0
-3.8313386976255784E-4
0.0
0.0
0.0
0.0
0.0
1.9835375033908865E-4
0.0
0.0
-1.9156693488127892E-4
0.0
0.0
0.0
0.0
0.0
0.0
-6.38556449604263E-5
0.0
-4.789173372031973E-4
-1.9156693488127892E-4
9.917687516954432E-5
0.0
0.0
0.0
0.0
0.0
0.0
-0.0015644633015304444
-2.2349475736149204E-4
0.0
9.917687516954432E-5
9.917687516954432E-5
0.0
4.116212225665773E-5
0.0
0.0
0.0
-3.192782248021315E-5
0.0
0.0
0.0
0.0
4.116212225665773E-5
9.917687516954432E-5
0.0
0.0
0.0
0.0
0.0
-3.192782248021315E-5
0.0
0.0
4.116212225665773E-5
0.0
0.0
0.0
0.0
2.9753062550863296E-4
0.0
0.0
0.0
0.0
0.0
0.0
0.0
0.0
9.917687516954432E-5
0.0
0.0
0.0
0.0
0.0
0.0
0.0
0.0
0.0
0.0
0.0
0.0
9.917687516954432E-5
0.0
0.0
0.0
0.0
0.0
0.0
0.0
0.0
0.0
0.0
0.0
-3.8313386976255784E-4
0.0
0.0
0.0
0.0
0.0
0.0
-6.38556449604263E-5
-2.2349475736149204E-4
0.0
0.0
1.234863667699732E-4
-9.578346744063946E-5
9.917687516954432E-5
0.0
9.917687516954432E-5
-3.192782248021315E-5
0.0
0.0
0.0
0.0
0.0
0.0
9.917687516954432E-5
0.0
0.0
0.0
-5.427729821636235E-4
0.0
4.116212225665773E-5
-3.192782248021315E-4
0.0
0.0
0.0
0.0
-6.38556449604263E-5
0.0
0.0
0.0
0.0
0.0
0.0
-6.38556449604263E-4
0.0
-6.38556449604263E-5
4.116212225665773E-5
0.0
0.0
0.0
0.0
0.0
0.0
-3.192782248021315E-5
-1.277112899208526E-4
0.0
0.0
0.0
0.0
4.116212225665773E-5
0.0
0.0
0.0
0.0
0.0
0.0
0.0
0.0
0.0
0.0
2.0581061128328865E-4
0.0
4.116212225665773E-5
0.0
0.0
0.0
0.0
0.0
0.0
0.0
0.0
0.0
9.917687516954432E-5
0.0
0.0
-0.0010536181418470338
0.0
0.0
0.0
0.0
0.0
0.0
-6.38556449604263E-5
0.0
0.0
-2.554225798417052E-4
0.0
0.0
0.0
-6.38556449604263E-5
0.0
4.116212225665773E-5
0.0
9.917687516954432E-5
0.0
0.0
-1.277112899208526E-4
0.0
0.0
0.0
0.0
0.0
0.0
0.0
0.0
0.0
0.0
0.0
0.0
0.0
0.0
0.0
0.0
0.0
-9.578346744063946E-5
0.0
0.0
0.0
0.0
0.0
-6.38556449604263E-5
-6.38556449604263E-5
-1.5963911240106574E-4
0.0
0.0
0.0
0.0
1.9835375033908865E-4
-3.192782248021315E-5
0.0
0.0
0.0
0.0
0.0
-2.554225798417052E-4
0.0
0.0
0.0
0.0
0.0
-3.192782248021315E-5
0.0
0.0
0.0
0.0
0.0
0.0
0.0
0.0
-3.192782248021315E-5
0.0
0.0
0.0
0.0
0.0
0.0
0.0
1.9835375033908865E-4
0.0
-3.192782248021315E-5
4.116212225665773E-5
0.0
0.0
0.0
0.0
0.0
0.0
0.0
0.0
0.0
-7.662677395251157E-4
-3.192782248021315E-5
0.0
0.0
0.0
0.0
0.0
0.0
0.0
-3.192782248021315E-5
0.0
0.0
0.0
0.0
0.0
0.0
