0.0
0.0
0.0
0.0
0.0
0.0
0.0
0.0
0.0
0.0
0.0
0.0
0.0
-2.126391760188772E-4
0.0
0.0
1.3210352211929583E-4
0.0
0.0
0.0
5.482791546631996E-5
1.0965583093263992E-4
0.0
0.0
2.1931166186527984E-4
0.0
0.0
0.0
1.3210352211929583E-4
0.0
0.0
0.0
5.482791546631996E-5
0.0
0.0
0.0
0.0
0.0
3.9631056635788754E-4
3.837954082642398E-4
0.0
1.0965583093263992E-4
0.0
0.0
0.0
0.0
0.0
0.0
1.0965583093263992E-4
-1.7011134081510172E-4
0.0
0.0
0.0
0.0
0.0
0.0
0.0
0.0
-1.2758350561132631E-4
0.0
0.0
0.0
0.0
0.0
1.3210352211929583E-4
0.0
0.0
0.0
0.0
0.0
0.0
0.0
1.0965583093263992E-4
-9.356123744830596E-4
-2.9769484642642807E-4
-4.678061872415298E-4
0.0
0.0
-4.678061872415298E-4
0.0
0.0
-8.505567040755086E-5
-8.505567040755086E-5
-4.252783520377543E-5
0.0
0.0
0.0
-4.252783520377543E-5
0.0
0.0
0.0
0.0
0.0
0.0
0.0
0.0
0.0
5.482791546631996E-5
0.0
-0.0011057237152981613
0.0
1.6448374639895988E-4
0.0
0.0
0.0
0.0
0.0
0.0
-2.9769484642642807E-4
2.741395773315998E-4
0.0
0.0
0.0
0.0
1.0965583093263992E-4
2.741395773315998E-4
1.3210352211929583E-4
0.0
0.0
0.0
0.0
1.3210352211929583E-4
0.0
0.0
0.0
-1.7011134081510172E-4
0.0
0.0
0.0
0.0
0.0
5.482791546631996E-5
0.0
5.482791546631996E-5
0.0
0.0
0.0
0.0
0.0
5.482791546631996E-5
0.0
0.0
0.0
-8.505567040755086E-5
0.0
0.0
0.0
0.0
0.0
0.0
0.0
5.482791546631996E-5
0.0
0.0
-1.7011134081510172E-4
0.0
0.0
0.0
0.0
-5.103340224453053E-4
0.0
1.3210352211929583E-4
0.0
0.0
-1.2758350561132631E-4
5.482791546631996E-5
0.0
0.0
1.6448374639895988E-4
0.0
5.482791546631996E-5
1.0965583093263992E-4
5.482791546631996E-5
0.0
0.0
1.3210352211929583E-4
-4.252783520377543E-5
0.0
0.0
0.0
1.6448374639895988E-4
0.0
0.0
0.0
0.0
-8.505567040755086E-5
-3.827505168339789E-4
0.0
0.0
0.0
0.0
0.0
5.482791546631996E-5
0.0
0.0
0.0
0.0
0.0
5.482791546631996E-5
0.0
0.0
0.0
0.0
0.0
1.3210352211929583E-4
1.3210352211929583E-4
1.0965583093263992E-4
0.0
-4.252783520377544E-4
0.0
2.6420704423859166E-4
0.0
0.0
1.3210352211929583E-4
0.0
5.482791546631996E-5
0.0
0.0
5.482791546631996E-5
0.0
0.0
0.0
0.0
5.482791546631996E-5
0.0
2.6420704423859166E-4
5.482791546631996E-5
0.0
0.0
0.0
0.0
0.0
-2.9769484642642807E-4
0.0
0.0
0.0
5.482791546631996E-5
0.0
0.0
0.0
0.0
5.482791546631996E-5
0.0
0.0
0.0
0.0
0.0
0.0
0.0
0.0
5.482791546631996E-5
0.0
0.0
0.0
-4.252783520377543E-5
-2.126391760188772E-4
0.0
0.0
0.0
0.0
0.0
-8.505567040755086E-5
1.3210352211929583E-4
5.482791546631996E-5
0.0
0.0
1.3210352211929583E-4
0.0
5.482791546631996E-5
0.0
0.0
0.0
0.0
0.0
0.0
5.482791546631996E-5
1.0965583093263992E-4
-8.505567040755086E-5
0.0
0.0
0.0
0.0
-2.9769484642642807E-4
0.0
-3.4022268163020345E-4
1.6448374639895988E-4
0.0
0.0
5.482791546631996E-5
-0.0015310020673359155
-1.2758350561132631E-4
-2.126391760188772E-4
0.0
0.0
1.0965583093263992E-4
0.0
-8.505567040755086E-5
0.0
0.0
0.0
0.0
0.0
0.0
0.0
0.0
-0.006549286621381417
0.0
0.0
0.0
0.0
0.0
0.0
0.0
-4.678061872415298E-4
-6.379175280566315E-4
-6.804453632604069E-4
1.3210352211929583E-4
0.0
0.0
-8.505567040755086E-5
5.482791546631996E-5
0.0
0.0
1.3210352211929583E-4
0.0
5.482791546631996E-5
0.0
0.0
5.482791546631996E-5
0.0
0.0
0.0
-6.804453632604069E-4
0.0
0.0
0.0
5.482791546631996E-5
0.0
0.0
-2.126391760188772E-4
0.0
5.482791546631996E-5
0.0
0.0
5.482791546631996E-5
0.0
0.0
0.0
1.3210352211929583E-4
0.0
0.0
0.0
5.482791546631996E-5
0.0
1.3210352211929583E-4
2.6420704423859166E-4
0.0
0.0
5.482791546631996E-5
0.0
0.0
0.0
0.0
0.0
0.0
0.0
0.0
5.482791546631996E-5
0.0
0.0
5.482791546631996E-5
0.0
0.0
0.0
0.0
0.0
0.0
-5.953896928528561E-4
0.0
0.0
0.0
-8.505567040755086E-5
0.0
-7.655010336679578E-4
0.0
5.482791546631996E-5
0.0
0.0
-4.252783520377544E-4
-4.252783520377543E-5
0.0
0.0
0.0
0.0
0.0
1.6448374639895988E-4
0.0
0.0
0.0
-1.7011134081510172E-4
0.0
0.0
5.482791546631996E-5
0.0
-4.252783520377543E-5
0.0
0.0
0.0
0.0
1.3210352211929583E-4
0.0
0.0
0.0
-8.505567040755086E-5
0.0
0.0
0.0
1.3210352211929583E-4
1.0965583093263992E-4
0.0
0.0
0.0
0.0
5.482791546631996E-5
-1.7011134081510172E-4
0.0
5.482791546631996E-5
3.9631056635788754E-4
0.0
0.0
-1.7011134081510172E-4
0.0
0.0
0.0
5.482791546631996E-5
0.0
0.0
0.0
-8.505567040755086E-5
0.0
5.482791546631996E-5
0.0
0.0
0.0
2.1931166186527984E-4
0.0
0.0
0.0
0.0
0.0
0.0
0.0
0.0
0.0
-3.827505168339789E-4
0.0
0.0
0.0
5.482791546631996E-5
1.3210352211929583E-4
0.0
0.0
5.482791546631996E-5
0.0
0.0
0.0
0.0
-4.252783520377543E-5
5.482791546631996E-5
1.6448374639895988E-4
0.0
-1.2758350561132631E-4
0.0
-8.505567040755086E-5
0.0
0.0
0.0
5.482791546631996E-5
-2.126391760188772E-4
1.0965583093263992E-4
0.0
0.0
-1.7011134081510172E-4
5.482791546631996E-5
-4.252783520377543E-5
0.0
0.0
0.0
0.0
0.0
-1.2758350561132631E-4
-3.827505168339789E-4
-1.2758350561132631E-4
-4.678061872415298E-4
0.0
-2.126391760188772E-4
0.0
1.3210352211929583E-4
0.0
0.0
0.0
0.0
0.0
0.0
0.0
0.0
1.0965583093263992E-4
5.482791546631996E-5
0.0
0.0
0.0
1.3210352211929583E-4
0.0
0.0
-2.9769484642642807E-4
0.0
-0.0014034185617245894
-2.9769484642642807E-4
0.0
0.0
0.0
0.0
-7.655010336679578E-4
0.0
0.0
-3.4022268163020345E-4
0.0
0.0
0.0
-8.930845392792842E-4
0.0
0.0
4.386233237305597E-4
1.3210352211929583E-4
0.0
0.0
-4.678061872415298E-4
0.0
0.0
1.0965583093263992E-4
-1.2758350561132631E-4
-3.4022268163020345E-4
-5.953896928528561E-4
-1.2758350561132631E-4
0.0
0.0
0.0
0.0
0.0
0.0010417303938600791
0.0
0.0
0.0
0.0
0.0
-5.953896928528561E-4
0.0
0.0
0.0
0.0
-1.2758350561132631E-4
0.0
0.0
0.0
0.0
0.0
0.0
0.0
-1.7011134081510172E-4
0.0
0.0
0.0
5.482791546631996E-5
1.3210352211929583E-4
0.0
0.0
0.0
0.0
5.482791546631996E-5
0.0
0.0
0.0
0.0
0.0
0.0
-9.356123744830596E-4
0.0
0.0
0.0
0.0
0.0
-4.678061872415298E-4
5.482791546631996E-5
0.0
3.9631056635788754E-4
0.0
0.0
0.0
1.0965583093263992E-4
-1.7011134081510172E-4
0.0
0.0
0.0
0.0
-1.2758350561132631E-4
0.0
0.0
0.0
0.0
0.0
0.0
0.0
0.0
0.0
0.0
0.0
0.0
0.0
-8.505567040755086E-5
0.0
0.0
0.0
0.0
-3.827505168339789E-4
0.0
0.0
0.0
-8.505567040755086E-5
0.0
0.0
-8.505567040755086E-5
0.0
0.0
0.0
0.0
0.0
0.0
0.0
0.0
0.0
-4.252783520377543E-5
0.0
0.0
0.0
-2.9769484642642807E-4
0.0
-2.126391760188772E-4
0.0
0.0
-4.252783520377543E-5
-4.252783520377544E-4
0.0
0.0
0.0
0.0
0.0
1.3210352211929583E-4
0.0
0.0
0.0
0.0
0.0
0.0
0.0
-1.2758350561132631E-4
0.0
0.0
0.0
0.0
5.482791546631996E-5
0.0
0.0
0.0
1.3210352211929583E-4
0.0
0.0
0.0
0.0
0.0
1.0965583093263992E-4
-1.7011134081510172E-4
0.0
5.482791546631996E-5
0.0
0.0010568281769543666
0.0
0.0
0.0
0.0
1.6448374639895988E-4
0.0
0.0
0.0
0.0
0.0
-1.7011134081510172E-4
-3.4022268163020345E-4
2.6420704423859166E-4
0.0
0.0
0.0
0.0
0.0
0.0
5.482791546631996E-5
1.3210352211929583E-4
-4.252783520377543E-5
0.0
0.0
0.0
0.0
0.0
0.0
2.1931166186527984E-4
0.0
5.482791546631996E-5
0.0
0.0
0.0
1.3210352211929583E-4
5.482791546631996E-5
5.482791546631996E-5
0.0
0.0
0.0
0.0
0.0
0.0
0.0
0.0
0.0
-1.7011134081510172E-4
0.0
0.0
0.0
0.0
0.0
0.0
0.0
0.0
0.0
0.0
-7.229731984641824E-4
0.0
5.482791546631996E-5
1.0965583093263992E-4
0.0
0.0
0.0
5.482791546631996E-5
0.0
-0.003232115475486933
0.0
0.0
0.0
3.9631056635788754E-4
0.0
0.0
5.482791546631996E-5
0.0
1.3210352211929583E-4
0.0
0.0
0.0
0.0
0.0
5.482791546631996E-5
5.482791546631996E-5
-2.126391760188772E-4
0.0
-3.827505168339789E-4
0.0
0.0
0.0
0.0
3.9631056635788754E-4
0.0
0.0
0.0
0.0
0.0
7.926211327157751E-4
-4.678061872415298E-4
0.0
5.482791546631996E-5
0.0
0.0
5.482791546631996E-5
0.0
0.0
-5.528618576490806E-4
1.3210352211929583E-4
0.0
1.0965583093263992E-4
0.0
3.9631056635788754E-4
0.0
0.0
0.0
1.6448374639895988E-4
2.6420704423859166E-4
0.0
0.0
-5.103340224453053E-4
0.0
0.0
-2.126391760188772E-4
-4.252783520377543E-5
0.0
5.482791546631996E-5
0.0
0.0
0.0
0.0
0.0
0.0
0.0
-3.4022268163020345E-4
0.0
0.0
0.0
0.0
-2.126391760188772E-4
0.0
0.0
1.3210352211929583E-4
1.3210352211929583E-4
0.0
0.0
0.0
-8.505567040755086E-5
-4.252783520377543E-5
0.0
0.0
0.0
0.0
0.0
0.0
0.0
-2.5516701122265263E-4
0.0
0.0
0.0
0.0
-1.2758350561132631E-4
0.0
5.482791546631996E-5
0.0
0.0
0.0
0.0
5.482791546631996E-5
0.0
-5.528618576490806E-4
0.0
0.0
0.0
0.0
1.3210352211929583E-4
0.0
0.0
-4.252783520377544E-4
0.0
0.0
0.0
5.482791546631996E-5
0.0
0.0
0.0
0.0
0.0
0.0
0.0
0.0
0.0
0.0
0.0
0.0
0.0
1.3210352211929583E-4
0.0
0.0
0.0
0.0
0.0
0.0
0.0
-2.126391760188772E-4
0.0
1.3210352211929583E-4
0.0
2.1931166186527984E-4
0.0
5.482791546631996E-5
0.0
-2.9769484642642807E-4
-4.678061872415298E-4
0.0
0.0
0.0
0.0
1.3210352211929583E-4
0.0
0.0
0.0
0.0
1.6448374639895988E-4
0.0
0.0
-8.505567040755086E-5
1.3210352211929583E-4
0.0
0.0
0.0
0.0
0.0
2.6420704423859166E-4
0.0
0.0
0.0
0.0
0.0
0.0
-9.356123744830596E-4
0.0
0.0
1.0965583093263992E-4
0.0
0.0
0.0
0.0
0.0
0.0
5.482791546631996E-5
0.0
0.0
0.0
0.0
0.0
5.482791546631996E-5
0.0
0.0
0.0
0.0
0.0
1.0965583093263992E-4
0.0
0.0
0.0
0.0
0.0
0.0
0.0
0.0
0.0
0.0
0.0
5.482791546631996E-5
0.0
0.0
0.0
0.0
0.0
1.0965583093263992E-4
0.0
1.3210352211929583E-4
0.0
0.0
5.482791546631996E-5
1.6448374639895988E-4
0.0
-1.7011134081510172E-4
0.0
1.0965583093263992E-4
2.6420704423859166E-4
0.0
-8.505567040755086E-5
0.0
0.0
0.0
5.482791546631996E-5
0.0
0.0
0.0
0.0
0.0
0.0
-1.2758350561132631E-4
0.0
0.0
0.0
0.0
0.0
0.0
-4.252783520377543E-5
1.3210352211929583E-4
1.6448374639895988E-4
0.0
0.0
0.0
0.0
0.0
-1.2758350561132631E-4
1.0965583093263992E-4
0.0
-4.252783520377543E-5
0.0
0.0
0.0
0.0
0.0
0.0
0.0
1.3210352211929583E-4
0.0
0.0
0.0
0.0
0.0
1.0965583093263992E-4
-2.126391760188772E-4
0.0
0.0
0.0
0.0
5.482791546631996E-5
0.0
0.0
-1.7011134081510172E-4
3.837954082642398E-4
0.0
1.0965583093263992E-4
0.0
-8.505567040755086E-5
5.482791546631996E-5
0.0
5.482791546631996E-5
0.0
0.0
1.3210352211929583E-4
0.0
5.482791546631996E-5
5.482791546631996E-5
0.0
0.0
-8.505567040755086E-5
-0.005358507235675705
0.0
0.0
0.0
0.0
0.0
0.0
0.0
0.0
0.0
0.0
0.0
1.6448374639895988E-4
0.0
-7.655010336679578E-4
0.0
0.0
1.3210352211929583E-4
0.0
0.0
0.0
0.0
0.0
0.0
0.0
0.0
0.0
0.0
5.482791546631996E-5
0.0
1.6448374639895988E-4
0.0
0.0
1.3210352211929583E-4
-4.252783520377543E-5
0.0
0.0
5.482791546631996E-5
0.0
0.0
0.0
0.0
0.0
0.0
1.3210352211929583E-4
-7.655010336679578E-4
0.0
1.3210352211929583E-4
0.0
0.0
0.0
0.0
0.0
-3.4022268163020345E-4
0.0
0.0
0.0
0.0
1.3210352211929583E-4
1.3210352211929583E-4
1.3210352211929583E-4
0.0
0.0
0.0
1.3210352211929583E-4
5.482791546631996E-5
0.0
0.0
0.0
0.0
0.0
0.0
0.0
5.482791546631996E-5
0.0
0.0
0.0
-0.0026792536178378524
0.0
0.0
-2.126391760188772E-4
3.2896749279791976E-4
0.0
5.482791546631996E-5
0.0
0.0
-1.2758350561132631E-4
0.0
-8.505567040755086E-5
0.0
0.0
0.0
0.0
0.0
5.482791546631996E-5
0.0
0.0
-2.126391760188772E-4
1.0965583093263992E-4
0.0
0.0
0.0
0.0
0.0
0.0
0.0
1.0965583093263992E-4
0.0
0.0
-7.229731984641824E-4
0.0
0.0
1.6448374639895988E-4
0.0
0.0
0.0
0.0
1.3210352211929583E-4
0.0
0.0
5.482791546631996E-5
5.482791546631996E-5
0.0
-1.2758350561132631E-4
0.0
0.0
0.0
1.3210352211929583E-4
0.0
-4.252783520377543E-5
0.0
0.0
1.3210352211929583E-4
1.3210352211929583E-4
0.0
-5.953896928528561E-4
-8.505567040755086E-5
0.0
0.0
0.0
-4.252783520377543E-5
0.0
0.0
0.0
1.3210352211929583E-4
1.3210352211929583E-4
0.0
0.0
-2.5516701122265263E-4
0.0
0.0
5.482791546631996E-5
0.0
0.0
1.0965583093263992E-4
0.0
0.0
0.0
-4.678061872415298E-4
0.0
1.0965583093263992E-4
0.0
-6.804453632604069E-4
0.0
0.0
0.0
0.0
0.0
0.0
0.0
0.0
0.0
0.0
0.0
1.0965583093263992E-4
0.0
1.0965583093263992E-4
0.0
0.0
0.0
2.6420704423859166E-4
0.0
0.0
0.0
0.0
0.0
0.0
0.0
0.0
0.0
0.0
0.0
0.0
0.0
0.0
0.0
0.0
0.0
1.0965583093263992E-4
1.3210352211929583E-4
-2.126391760188772E-4
0.0
0.0
0.0
0.0
5.482791546631996E-5
0.0
1.3210352211929583E-4
1.0965583093263992E-4
0.0
-1.7011134081510172E-4
-2.5516701122265263E-4
5.482791546631996E-5
-2.5516701122265263E-4
0.0
5.482791546631996E-5
0.0
0.0
0.0
0.0
0.0
1.3210352211929583E-4
0.0
0.0
0.0
0.0
2.6420704423859166E-4
0.0
0.0
0.0
0.0
0.0
0.0
1.6448374639895988E-4
0.0
0.0
3.9631056635788754E-4
0.0
0.0
0.0
0.0
0.0
0.0
0.0
0.0
1.0965583093263992E-4
0.0
-2.5516701122265263E-4
0.0
5.482791546631996E-5
0.0
0.0
0.0
0.0
0.0
0.0
0.0
0.0
0.0
-0.005443562906083255
0.0
0.0
0.0010568281769543666
0.0
0.0
0.0
0.0
1.0965583093263992E-4
0.0
5.482791546631996E-5
0.0
-8.505567040755086E-5
0.0
0.0
0.0
1.3210352211929583E-4
0.0
0.0
0.0
0.0
0.0
-4.252783520377543E-5
0.0
0.0
-2.5516701122265263E-4
0.0
0.0
0.0
1.0965583093263992E-4
1.0965583093263992E-4
0.0
5.482791546631996E-5
0.0
0.0
0.0
1.0965583093263992E-4
0.0
0.0
-8.505567040755086E-5
5.482791546631996E-5
0.0
0.0
-1.7011134081510172E-4
0.0
2.6420704423859166E-4
1.3210352211929583E-4
0.0
0.0
0.0
0.0
0.0
0.0
0.0
0.0
5.482791546631996E-5
5.482791546631996E-5
0.0
0.0
0.0
0.0
0.0
0.0
0.0
-6.804453632604069E-4
0.0
0.0
0.0
0.0
0.0
1.0965583093263992E-4
0.0
0.0
0.0
0.0
0.0
0.0
0.0
0.0
1.3210352211929583E-4
0.0
0.0
-5.953896928528561E-4
0.0
0.0
-9.356123744830596E-4
0.0
5.482791546631996E-5
3.9631056635788754E-4
0.0
0.0
-4.252783520377543E-5
-2.126391760188772E-4
0.0
0.0
0.0
1.0965583093263992E-4
0.0
0.0
0.0
-2.9769484642642807E-4
0.0
0.0
2.1931166186527984E-4
1.0965583093263992E-4
0.0
0.0
0.0
0.0
0.0
3.9631056635788754E-4
0.0
0.0
5.482791546631996E-5
0.0
-1.2758350561132631E-4
0.0
0.0
0.0
0.0
1.3210352211929583E-4
0.0
0.0
0.0
0.0
0.0
0.0
0.0
0.0
0.0
5.482791546631996E-5
0.0
5.482791546631996E-5
0.0
0.0
0.0
-4.252783520377543E-5
5.482791546631996E-5
0.0
0.0
0.0
6.031070701295197E-4
1.6448374639895988E-4
5.482791546631996E-5
0.0
0.0
5.482791546631996E-5
0.0
-0.0011482515505019369
5.482791546631996E-5
5.482791546631996E-5
-5.103340224453053E-4
0.0
0.0
1.3210352211929583E-4
0.0
0.0
0.0
0.0
0.0
0.0
0.0
0.0
0.0
0.0
0.0
5.482791546631996E-5
0.0
0.0
0.0
0.0
0.0
0.0
0.0
0.0
0.0
0.0
1.0965583093263992E-4
-0.0015310020673359155
-0.0014884742321321402
-1.7011134081510172E-4
0.0
-7.229731984641824E-4
0.0
0.0
0.0
1.0965583093263992E-4
0.0
-4.252783520377543E-5
5.482791546631996E-5
5.482791546631996E-5
0.0
0.0
0.0
0.0
0.0
0.0
0.0
0.0
0.0
0.0
5.482791546631996E-5
0.0
0.0
5.482791546631996E-5
1.3210352211929583E-4
0.0
0.0
0.0
5.482791546631996E-5
0.0
0.0
0.0
1.3210352211929583E-4
0.0
0.0
5.482791546631996E-5
0.0
1.3210352211929583E-4
0.0
1.6448374639895988E-4
0.0
0.0
0.0
0.0
0.0
5.482791546631996E-5
-1.7011134081510172E-4
-0.0013183628913170384
0.0
1.6448374639895988E-4
0.0
-4.252783520377543E-5
0.0
0.0
0.0
0.0
5.482791546631996E-5
0.0
0.0
5.482791546631996E-5
0.0
0.0
0.0
0.0
5.482791546631996E-5
-3.4022268163020345E-4
0.0
1.0965583093263992E-4
0.0
0.0
0.0
0.0
0.0
0.0
0.0
0.0
0.0
1.3210352211929583E-4
0.0
0.0
0.0
0.0
0.0
0.0
0.0
0.0
-4.252783520377544E-4
0.0
1.3210352211929583E-4
0.0
0.0
0.0
5.482791546631996E-5
1.0965583093263992E-4
5.482791546631996E-5
0.0
-1.2758350561132631E-4
-1.2758350561132631E-4
0.0
0.0
0.0
0.0
0.0
0.0
0.0
0.0
0.0
-0.0031895876402831575
0.0
5.482791546631996E-5
0.0
5.482791546631996E-5
-4.252783520377543E-5
-8.505567040755086E-5
0.0
0.0
-1.2758350561132631E-4
0.0
0.0
5.482791546631996E-5
-1.2758350561132631E-4
0.0
1.3210352211929583E-4
0.0
1.0965583093263992E-4
0.0
0.0
5.482791546631996E-5
0.0
0.0
0.0
0.0
0.0
0.0
0.0
0.0
0.0
0.0
0.0
0.0
0.0
0.0
0.0
0.0
0.0
5.482791546631996E-5
-8.505567040755086E-5
0.0
0.0
0.0
0.0
1.0965583093263992E-4
0.0
0.0
0.0
0.0
0.0
0.0
-0.0012333072209094876
0.0
0.0
-8.505567040755086E-5
0.0
0.0
0.0
-8.505567040755086E-5
0.0
0.0
0.0
-1.7011134081510172E-4
0.0
2.1931166186527984E-4
0.0
0.0
-1.7011134081510172E-4
0.0
5.482791546631996E-5
0.0
0.0
0.0
0.0
0.0
1.3210352211929583E-4
0.0
0.0
1.0965583093263992E-4
0.0
0.0
0.0
0.0
0.0
0.0
-8.505567040755086E-5
0.0
0.0
0.0
0.0
0.0
0.0
0.0
0.0
0.0
0.0
0.0
0.0
0.0
0.0
0.0
0.0
0.0
0.0
0.0
0.0
0.0
0.0
0.0
0.0
0.0
1.3210352211929583E-4
0.0
0.0
0.0
5.482791546631996E-5
2.6420704423859166E-4
-5.528618576490806E-4
0.0
1.6448374639895988E-4
0.0
2.6420704423859166E-4
0.0
0.0
0.0
0.0
0.0
0.0
5.482791546631996E-5
5.482791546631996E-5
1.3210352211929583E-4
0.0
0.0
0.0
0.0
0.0
5.482791546631996E-5
3.2896749279791976E-4
0.0
0.0
0.0
0.0
0.0
5.482791546631996E-5
0.0
0.0
0.0
0.0
-8.505567040755086E-5
0.0
0.0
0.0
0.0
0.0
0.0
0.0
0.0
-2.126391760188772E-4
0.0
5.482791546631996E-5
-0.0017011134081510175
0.0
-1.2758350561132631E-4
0.0
-1.2758350561132631E-4
0.0
0.0
0.0
0.0
0.0
0.0
5.482791546631996E-5
0.0
0.0
0.0
0.0
0.0
0.0
0.0
0.0
0.0
0.0
-1.2758350561132631E-4
0.0
0.0
0.0
0.0
0.0
0.0
1.0965583093263992E-4
1.0965583093263992E-4
0.0
0.0
0.0
0.0
0.0
0.0
0.0
-2.5516701122265263E-4
0.0
0.0
0.0
0.0
0.0
0.0
0.0
5.482791546631996E-4
0.0
0.0
0.0
0.0
0.0
0.0
0.0
-8.505567040755086E-5
0.0
0.0
0.0
0.0
5.482791546631996E-5
1.3210352211929583E-4
0.0
1.0965583093263992E-4
1.3210352211929583E-4
0.0
0.0
-0.0011482515505019369
2.6420704423859166E-4
0.0
1.3210352211929583E-4
2.1931166186527984E-4
5.482791546631996E-5
-0.001275835056113263
0.0
0.0
0.0
0.0
1.0965583093263992E-4
0.0
0.0
0.0
0.0
0.0
1.3210352211929583E-4
0.0
-1.2758350561132631E-4
0.0
0.0
0.0
0.0
-4.252783520377543E-5
0.0
0.0
0.0
0.0
0.0
0.0
-7.655010336679578E-4
0.0
0.0
-2.9769484642642807E-4
0.0
-4.678061872415298E-4
0.0
-4.252783520377543E-5
0.0
1.0965583093263992E-4
1.3210352211929583E-4
0.0
0.0
0.0
0.0
0.0
2.1931166186527984E-4
0.0
0.0
0.0
0.0
0.0
0.0
-5.103340224453053E-4
0.0
-4.678061872415298E-4
-8.505567040755086E-5
0.0
0.0
1.3210352211929583E-4
1.6448374639895988E-4
0.0
0.0
-1.2758350561132631E-4
0.0
0.0
-8.505567040755086E-5
0.0
0.0
0.0
0.0
0.0
5.482791546631996E-5
0.0
0.0
1.3210352211929583E-4
0.0
-8.505567040755086E-5
0.0
0.0
0.0
1.0965583093263992E-4
-4.678061872415298E-4
0.0
1.3210352211929583E-4
0.0
0.0
5.482791546631996E-5
0.0
0.0
0.0
0.0
2.1931166186527984E-4
0.0
0.0
0.0
0.0
0.0
0.0
0.0
-8.505567040755086E-5
5.482791546631996E-5
0.0
0.0
0.0
0.0
0.0
5.482791546631996E-5
0.0
-1.2758350561132631E-4
0.0
0.0
5.482791546631996E-5
1.3210352211929583E-4
0.0
0.0
0.0
0.0
0.0
0.0
1.3210352211929583E-4
-3.827505168339789E-4
0.0
0.0
5.482791546631996E-5
0.0
0.0
0.0
0.0
0.0
-8.505567040755086E-5
0.0
0.0
0.0
0.0
0.0
5.482791546631996E-5
1.3210352211929583E-4
0.0
0.0
0.0
0.0
0.0
0.0
0.0
0.0
0.0
0.0
0.0
0.0
0.0
0.0
0.0
0.0
0.0
-8.505567040755088E-4
-8.930845392792842E-4
0.0
0.0
0.0
0.0
0.0
0.0
0.0
0.0
0.0
0.0
1.0965583093263992E-4
0.0
0.0
0.0
0.0
-1.2758350561132631E-4
0.0
0.0
1.3210352211929583E-4
0.0
0.0
0.0
0.0
0.0
5.482791546631996E-5
0.0
5.482791546631996E-5
0.0
5.482791546631996E-5
0.0
0.0
0.0
1.6448374639895988E-4
0.0
0.0
0.0
0.0
0.0
0.0
0.0
0.0
0.0
0.0
0.0
0.0
0.0
0.0
1.3210352211929583E-4
1.3210352211929583E-4
0.0
-9.356123744830596E-4
0.0
1.0965583093263992E-4
0.0
1.0965583093263992E-4
0.0
0.0
0.0
0.0
0.0
5.482791546631996E-5
0.0
1.3210352211929583E-4
-4.252783520377543E-5
0.0
0.0
0.0
-2.126391760188772E-4
0.0
5.482791546631996E-5
1.6448374639895988E-4
0.0
-1.2758350561132631E-4
2.1931166186527984E-4
-8.930845392792842E-4
0.0
0.0
0.0
3.9631056635788754E-4
0.0
0.0
0.0
0.0
0.0
-2.126391760188772E-4
0.0
0.0
-2.9769484642642807E-4
0.0
0.0
0.0
0.0
0.0
0.0
-2.9769484642642807E-4
0.0
0.0
0.0
-1.2758350561132631E-4
0.0
0.0
1.3210352211929583E-4
1.3210352211929583E-4
0.0
0.0
0.0
0.0
0.0
0.0
0.0
0.0
1.6448374639895988E-4
0.0
0.0
0.0
5.482791546631996E-5
0.0
0.0
-4.678061872415298E-4
0.0
3.9631056635788754E-4
0.0
0.0
-4.252783520377544E-4
-4.252783520377543E-5
0.0
5.482791546631996E-5
0.0
0.0
0.0
-2.5516701122265263E-4
-1.7011134081510172E-4
0.0
0.0
0.0
5.482791546631996E-5
-1.2758350561132631E-4
0.0
-1.2758350561132631E-4
0.0
-8.505567040755086E-5
0.0
0.0
0.0
0.0
0.0
0.0
0.0
0.0
5.482791546631996E-5
0.0
0.0
5.482791546631996E-5
1.3210352211929583E-4
0.0
0.0
0.0
0.0
5.482791546631996E-5
0.0
0.0
5.482791546631996E-5
0.0
0.0
1.6448374639895988E-4
0.0
0.0
0.0
0.0
0.0
0.0
0.0
0.0
0.0
0.0
0.0
0.0
0.0
1.6448374639895988E-4
0.0
-4.252783520377543E-5
0.0
3.9631056635788754E-4
0.0
-8.505567040755086E-5
-1.7011134081510172E-4
0.0
0.0
0.0
0.0
5.482791546631996E-5
-1.7011134081510172E-4
0.0
0.0
0.0
0.0
5.482791546631996E-5
0.0
0.0
5.482791546631996E-5
0.0
0.0
-2.126391760188772E-4
0.0
5.482791546631996E-5
0.0
0.0
0.0
0.0
-0.0010206680448906105
1.3210352211929583E-4
0.0
-8.505567040755086E-5
0.0
5.482791546631996E-4
0.0
0.0
-4.252783520377543E-5
0.0
0.0
-4.252783520377543E-5
0.0
5.482791546631996E-5
-1.2758350561132631E-4
0.0
0.0
-1.7011134081510172E-4
0.0
0.0
0.0
0.0
0.0
0.0
0.0
0.0
-2.5516701122265263E-4
0.0
0.0
0.0
0.0
0.0
0.0
0.0
2.741395773315998E-4
5.482791546631996E-5
-8.505567040755086E-5
0.0
0.0
0.0
0.0
0.0
0.0
1.3210352211929583E-4
-1.2758350561132631E-4
0.0
0.0
0.0
0.0
0.0
0.0
0.0
5.482791546631996E-5
0.0
0.0
0.0
5.482791546631996E-5
0.0
0.0
0.0
0.0
0.0
0.0
-1.2758350561132631E-4
0.0
0.0
0.0
0.0
0.0
0.0
5.482791546631996E-5
1.3210352211929583E-4
0.0
1.3210352211929583E-4
0.0
-5.953896928528561E-4
0.0
1.0965583093263992E-4
0.0
5.482791546631996E-5
0.0
0.0
0.0
-1.7011134081510172E-4
-4.252783520377543E-5
0.0
-4.252783520377543E-5
0.0
0.0
0.0
0.0
0.0
0.0
0.0
-5.103340224453053E-4
0.0
1.3210352211929583E-4
0.0
0.0
5.482791546631996E-5
0.0
0.0
0.0
5.482791546631996E-5
0.0
1.3210352211929583E-4
0.0
1.3210352211929583E-4
0.0
0.0
0.0
0.0
-4.252783520377543E-5
0.0
0.0
0.0
0.0
0.0
0.0
0.0
0.0
0.0
0.0
0.0038927819981087173
0.0
0.0
0.0
0.0
0.0
-3.827505168339789E-4
1.3210352211929583E-4
0.0
0.0
0.0
0.0
0.0
0.0
5.482791546631996E-5
0.0
5.482791546631996E-5
0.0
0.0
-0.0033596989810982594
0.0
0.0
0.0
0.0
0.0
0.0
0.0
5.482791546631996E-5
0.0
0.0
-4.252783520377543E-5
0.0
0.0
1.0965583093263992E-4
5.482791546631996E-5
0.0
2.1931166186527984E-4
0.0
0.0
0.0
0.0
0.0
0.0
0.0
0.0
0.0
0.0
0.0
0.0
0.0
0.0
0.0
-8.505567040755086E-5
0.0
-6.804453632604069E-4
0.0
0.0
0.0
0.0
0.0
0.0
0.0
0.0
0.0
0.0
0.0
0.0
2.1931166186527984E-4
-8.505567040755086E-5
0.0
1.3210352211929583E-4
5.482791546631996E-5
5.482791546631996E-5
0.0
0.0
0.0
0.0
0.0
0.0
5.482791546631996E-5
0.0
0.0
0.0
0.0
0.0
0.0
0.0
0.0
1.6448374639895988E-4
5.482791546631996E-5
0.0
0.0
0.0
0.0
0.0
0.0
1.3210352211929583E-4
0.0
0.0
0.0
0.0
0.0
0.0
0.0
0.0
0.0
0.0
0.0
0.0
0.0
0.0
0.0
0.0
0.0
0.0
0.0
1.0965583093263992E-4
-4.252783520377544E-4
0.0
0.0
2.6420704423859166E-4
1.3210352211929583E-4
-0.0011057237152981613
-0.0015735299025396911
0.0
5.482791546631996E-5
0.0
-7.229731984641824E-4
0.0
0.0
0.0
1.3210352211929583E-4
0.0
0.0
0.0
0.0
0.0
0.0
0.0
0.0
-3.827505168339789E-4
0.0
0.0
0.0
0.0
0.0
0.0
-1.7011134081510172E-4
0.0
0.0
0.0
0.0
1.0965583093263992E-4
0.0
-1.2758350561132631E-4
0.0
0.0
0.0
0.0
0.0
1.3210352211929583E-4
-5.528618576490806E-4
-1.2758350561132631E-4
0.0
1.3210352211929583E-4
0.0
0.0
0.0
0.0
0.0
6.605176105964792E-4
1.0965583093263992E-4
1.0965583093263992E-4
0.0
0.0
0.0
0.0
0.0
0.0
0.0
0.0
0.0
0.0
0.0
0.0
0.0
0.0
0.0
5.482791546631996E-5
1.3210352211929583E-4
0.0
0.0
1.3210352211929583E-4
-0.0011057237152981613
0.0
0.0
5.482791546631996E-5
0.0
5.482791546631996E-5
0.0
0.0
0.0
-3.4022268163020345E-4
0.0
1.0965583093263992E-4
5.482791546631996E-5
0.0
0.0
0.0
0.0
0.0
-3.4022268163020345E-4
4.934512391968796E-4
5.482791546631996E-5
0.0
0.0
1.0965583093263992E-4
0.0
0.0
0.0
2.6420704423859166E-4
0.0
0.0
5.482791546631996E-5
0.0
0.0
0.0
0.0
0.0
0.0
5.482791546631996E-5
0.0
-9.356123744830596E-4
-2.126391760188772E-4
-5.953896928528561E-4
0.0
0.0
0.0
0.0
0.0
-2.126391760188772E-4
0.0
0.0
0.0
1.3210352211929583E-4
-2.126391760188772E-4
1.3210352211929583E-4
0.0
0.0
0.0
0.0
0.0
5.482791546631996E-5
0.0
0.0
0.0
0.0
1.3210352211929583E-4
0.0
-0.0017436412433547927
0.0
0.0
0.0
0.0
0.0
0.0
0.0
0.0
-8.505567040755086E-5
0.0
0.0
0.0
0.0
5.482791546631996E-5
0.0
1.3210352211929583E-4
0.0
5.482791546631996E-5
0.0
-6.804453632604069E-4
0.0
0.0
0.0
0.0
0.0
0.0
-2.5516701122265263E-4
0.0
0.0
0.0
0.0
0.0
1.3210352211929583E-4
