1.0832117214563921E-4
0.0
0.0
0.0
0.0
4.495734840627924E-5
0.0
0.0
0.0
0.0
0.0
0.0
0.0
-2.0922977150886988E-4
0.0
1.0832117214563921E-4
0.0
0.0
0.0
0.0
4.495734840627924E-5
0.0
0.0
0.0
0.0
0.0
0.0
0.0
0.0
1.0832117214563921E-4
0.0
0.0
0.0
0.0
0.0
1.3487204521883773E-4
0.0
4.495734840627924E-5
0.0
0.0
4.495734840627924E-5
0.0
0.0
0.0
0.0
0.0
0.0
1.0832117214563921E-4
0.0
-6.276893145266096E-4
0.0
0.0
4.495734840627924E-5
0.0
1.0832117214563921E-4
0.0
0.0
3.2496351643691764E-4
-3.4871628584811644E-4
1.0832117214563921E-4
0.0
0.0
1.0832117214563921E-4
0.0
0.0
0.0
0.0
0.0
0.0
0.0
1.0832117214563921E-4
0.0
4.495734840627924E-5
-0.0012553786290532192
-3.138446572633048E-4
-4.88202800187363E-4
0.0
0.0
-7.323042002810445E-4
0.0
0.0
-2.0922977150886988E-4
-1.0461488575443494E-4
-3.487162858481164E-5
4.495734840627924E-5
0.0
0.0
-1.0461488575443494E-4
0.0
0.0
4.495734840627924E-5
0.0
4.495734840627924E-5
0.0
4.495734840627924E-5
0.0
0.0
1.7982939362511696E-4
0.0
-0.0028594735439545545
0.0
0.0
0.0
0.0
0.0
0.0
0.0
0.0
-2.441014000936815E-4
8.991469681255848E-5
0.0
0.0
0.0
0.0
0.0
0.0
0.0
0.0
0.0
2.1664234429127842E-4
8.991469681255848E-5
0.0
0.0
1.0832117214563921E-4
1.0832117214563921E-4
-1.3948651433924657E-4
0.0
1.0832117214563921E-4
0.0
0.0
1.0832117214563921E-4
0.0
0.0
4.495734840627924E-5
4.495734840627924E-5
0.0
0.0
0.0
0.0
0.0
0.0
2.1664234429127842E-4
0.0
-3.487162858481164E-5
0.0
0.0
4.495734840627924E-5
0.0
0.0
0.0
0.0
0.0
0.0
0.0
-2.441014000936815E-4
0.0
4.495734840627924E-5
0.0
0.0
-6.276893145266096E-4
8.991469681255848E-5
0.0
4.495734840627924E-5
0.0
-1.7435814292405822E-4
0.0
0.0
0.0
2.247867420313962E-4
4.3328468858255684E-4
0.0
0.0
0.0
0.0
1.0832117214563921E-4
0.0
-2.0922977150886988E-4
0.0
8.991469681255848E-5
1.0832117214563921E-4
0.0
1.0832117214563921E-4
1.0832117214563921E-4
1.0832117214563921E-4
0.0
-1.0461488575443494E-4
-5.579460573569863E-4
0.0
4.495734840627924E-5
4.495734840627924E-5
0.0
4.495734840627924E-5
0.0
0.0
0.0
0.0
0.0
0.0
0.0
8.991469681255848E-5
8.991469681255848E-5
0.0
0.0
0.0
0.0
0.0
0.0
4.495734840627924E-5
-1.3948651433924657E-4
4.495734840627924E-5
0.0
0.0
0.0
0.0
0.0
4.495734840627924E-5
0.0
0.0
0.0
0.0
0.0
0.0
0.0
0.0
8.991469681255848E-5
0.0
0.0
0.0
1.0832117214563921E-4
0.0
1.7982939362511696E-4
0.0
-1.7435814292405822E-4
1.0832117214563921E-4
0.0
1.0832117214563921E-4
0.0
0.0
2.1664234429127842E-4
0.0
4.495734840627924E-5
0.0
0.0
2.1664234429127842E-4
0.0
4.495734840627924E-5
0.0
0.0
8.991469681255848E-4
2.1664234429127842E-4
0.0
0.0
2.1664234429127842E-4
4.495734840627924E-5
-6.974325716962328E-5
-2.441014000936815E-4
0.0
0.0
0.0
0.0
1.0832117214563921E-4
-3.487162858481164E-5
0.0
0.0
4.495734840627924E-5
1.0832117214563921E-4
0.0
0.0
0.0
4.495734840627924E-5
4.495734840627924E-5
0.0
0.0
0.0
0.0
0.0
0.0
-3.487162858481164E-5
1.0832117214563921E-4
0.0
0.0
0.0
-6.974325716962328E-5
1.0832117214563921E-4
-6.625609431114212E-4
0.0
0.0
0.0
4.495734840627924E-5
-0.0025107572581064383
-3.835879144329281E-4
-1.7435814292405822E-4
0.0
0.0
8.991469681255848E-5
4.495734840627924E-5
-3.487162858481164E-5
0.0
0.0
0.0
8.991469681255848E-5
0.0
0.0
0.0
0.0
-0.004428696830271079
0.001888208633063728
0.0
0.0
1.0832117214563921E-4
0.0
0.0
0.0
-9.76405600374726E-4
-6.276893145266096E-4
-3.4871628584811644E-4
0.0
0.0
1.0832117214563921E-4
-1.3948651433924657E-4
0.0
0.0
0.0
0.0
0.0
0.0
0.0
0.0
0.0
0.0
0.0
0.0
-2.441014000936815E-4
0.0
1.0832117214563921E-4
1.0832117214563921E-4
0.0
0.0
0.0
-3.138446572633048E-4
0.0
4.495734840627924E-5
1.0832117214563921E-4
0.0
8.991469681255848E-5
1.0832117214563921E-4
0.0
0.0
0.0
4.495734840627924E-5
0.0
0.0
1.7982939362511696E-4
1.0832117214563921E-4
0.0
0.0
0.0
0.0
0.0
0.0
0.0
0.0
1.0832117214563921E-4
0.0
0.0
0.0
4.495734840627924E-5
4.495734840627924E-5
3.147014388439547E-4
0.0
4.495734840627924E-5
1.0832117214563921E-4
0.0
4.495734840627924E-5
0.0
2.1664234429127842E-4
0.0
-5.579460573569863E-4
0.0
1.0832117214563921E-4
0.0
-1.0461488575443494E-4
1.0832117214563921E-4
-3.835879144329281E-4
0.0
0.0
0.0
0.0
-4.533311716025514E-4
-1.0461488575443494E-4
0.0
0.0
0.0
0.0
4.495734840627924E-5
0.0
4.495734840627924E-5
0.0
4.495734840627924E-5
-2.441014000936815E-4
1.0832117214563921E-4
1.0832117214563921E-4
0.0
0.0
-4.533311716025514E-4
0.0
8.991469681255848E-5
0.0
0.0
0.0
3.147014388439547E-4
0.0
0.0
-3.487162858481164E-5
0.0
0.0
0.0
0.0
0.0
4.495734840627924E-5
0.0
0.0
1.0832117214563921E-4
0.0
-3.487162858481164E-5
0.0
0.0
0.0
4.495734840627924E-5
1.0832117214563921E-4
-3.4871628584811644E-4
0.0
0.0
0.0
0.0
0.0
0.0
4.495734840627924E-5
-2.0922977150886988E-4
0.0
0.0
0.0
4.495734840627924E-5
1.0832117214563921E-4
0.0
0.0
0.0
1.0832117214563921E-4
0.0
1.0832117214563921E-4
0.0
0.0
1.0832117214563921E-4
0.0
-0.0018481963149950171
1.0832117214563921E-4
4.495734840627924E-5
0.0
1.7982939362511696E-4
0.0
1.0832117214563921E-4
1.0832117214563921E-4
0.0
4.495734840627924E-5
0.0
1.0832117214563921E-4
0.0
-2.0922977150886988E-4
0.0
3.596587872502339E-4
0.0
-1.0461488575443494E-4
0.0
-1.3948651433924657E-4
0.0
0.0
1.0832117214563921E-4
0.0
-6.974325716962328E-5
0.0
0.0
0.0
-2.441014000936815E-4
0.0
-3.487162858481164E-5
0.0
0.0
4.495734840627924E-4
0.0
0.0
-2.0922977150886988E-4
-2.441014000936815E-4
-3.487162858481164E-5
-3.138446572633048E-4
8.991469681255848E-5
-1.3948651433924657E-4
0.0
0.0
0.0
0.0
1.0832117214563921E-4
3.2496351643691764E-4
1.0832117214563921E-4
1.0832117214563921E-4
2.1664234429127842E-4
0.0
0.0
0.0
0.0
1.3487204521883773E-4
0.0
0.0
0.0
4.495734840627924E-5
-1.7435814292405822E-4
0.0
-4.533311716025514E-4
-3.487162858481164E-5
0.0
0.0
1.3487204521883773E-4
1.0832117214563921E-4
-1.0461488575443494E-4
0.0
0.0
-3.835879144329281E-4
0.0
0.0
1.0832117214563921E-4
-8.020474574506678E-4
0.0
4.495734840627924E-5
0.0
0.0
1.0832117214563921E-4
0.0
-6.625609431114212E-4
2.1664234429127842E-4
0.0
0.0
-6.974325716962328E-5
-2.0922977150886988E-4
-2.0922977150886988E-4
-3.487162858481164E-5
0.0
0.0
0.0
0.0
1.0832117214563921E-4
0.0
0.0
1.0832117214563921E-4
0.0
0.0
0.0
-8.020474574506678E-4
1.0832117214563921E-4
8.991469681255848E-5
0.0
0.0
-3.835879144329281E-4
4.495734840627924E-5
0.0
8.991469681255848E-5
4.495734840627924E-5
0.0
0.0
1.0832117214563921E-4
-3.487162858481164E-5
1.0832117214563921E-4
0.0
1.0832117214563921E-4
0.0
0.0
0.0
1.0832117214563921E-4
0.0
0.0010832117214563922
0.0
0.0
8.991469681255848E-5
4.495734840627924E-5
1.0832117214563921E-4
1.0832117214563921E-4
0.0
-6.974325716962328E-5
0.0
0.0
3.2496351643691764E-4
0.0
0.0
-3.487162858481164E-5
0.0
0.0
0.0
0.0
0.0
0.0
0.0
-1.0461488575443494E-4
0.0
0.0
0.0
0.0
-1.3948651433924657E-4
0.0
0.0
0.0
1.0832117214563921E-4
8.991469681255848E-5
0.0
0.0
0.0
0.0
0.0
4.495734840627924E-5
0.0
0.0
-6.974325716962328E-5
0.0
0.0
0.0
0.0
-1.7435814292405822E-4
4.495734840627924E-4
0.0
2.6974409043767545E-4
-6.974325716962328E-5
0.0
4.495734840627924E-5
-1.3948651433924657E-4
0.0
0.0
0.0
0.0
8.991469681255848E-5
1.0832117214563921E-4
2.247867420313962E-4
1.0832117214563921E-4
8.991469681255848E-5
-2.7897302867849313E-4
0.0
1.0832117214563921E-4
0.0
-6.974325716962328E-5
0.0
-6.974325716962328E-5
4.495734840627924E-5
0.0
-6.974325716962328E-5
-1.3948651433924657E-4
0.0
0.0
8.991469681255848E-5
0.0
0.0
0.0
0.0
0.0
0.0
0.0
0.0
0.0
0.0
-1.7435814292405822E-4
3.596587872502339E-4
0.0
0.0
0.0
0.0
0.0
0.0
2.6974409043767545E-4
0.0
0.0
0.0
1.0832117214563921E-4
5.416058607281961E-4
0.0
0.0
-3.487162858481164E-5
3.2496351643691764E-4
0.0
1.3487204521883773E-4
0.0
0.0
1.7982939362511696E-4
0.0
1.3487204521883773E-4
0.0
0.0
0.0
4.495734840627924E-5
8.991469681255848E-5
1.0832117214563921E-4
-2.0922977150886988E-4
-2.0922977150886988E-4
0.0
0.0
0.0
0.0
2.1664234429127842E-4
8.991469681255848E-5
0.0
4.495734840627924E-5
0.0
-3.487162858481164E-5
1.0832117214563921E-4
0.0
0.0
0.0
0.0
0.0
0.0
0.0
0.0
0.0
0.0
0.0
0.0
0.0
1.3487204521883773E-4
2.1664234429127842E-4
0.0
8.991469681255848E-5
0.0
0.0
0.0
0.0
1.0832117214563921E-4
0.0
-2.0922977150886988E-4
0.0
0.0010832117214563922
0.0
2.1664234429127842E-4
4.495734840627924E-5
0.0
8.991469681255848E-5
0.0
0.0
0.0
-3.4871628584811644E-4
0.0
0.0
0.0
0.0
4.495734840627924E-5
4.495734840627924E-5
0.0
1.0832117214563921E-4
-0.0014994800291469007
0.0
4.495734840627924E-5
0.0
0.0
0.0
0.0
0.0
4.3328468858255684E-4
0.0
0.0
4.495734840627924E-5
0.0
0.0
0.0
0.0
0.0
-3.138446572633048E-4
0.0
-4.1845954301773975E-4
0.0
0.0
8.991469681255848E-5
0.0
0.0
0.0
0.0
0.0
1.0832117214563921E-4
0.0
0.0
-4.88202800187363E-4
1.0832117214563921E-4
0.0
0.0
0.0
0.0
0.0
0.0
-3.4871628584811644E-4
0.0
8.991469681255848E-5
0.0
1.0832117214563921E-4
0.0
0.0
0.0
1.0832117214563921E-4
0.0
0.0
0.0
0.0
-2.7897302867849313E-4
0.0
2.1664234429127842E-4
-2.0922977150886988E-4
-3.487162858481164E-5
0.0
0.0
0.0
0.0
0.0
0.0
0.0
0.0
0.0
-6.276893145266096E-4
0.0
4.495734840627924E-5
2.1664234429127842E-4
0.0
-1.7435814292405822E-4
1.3487204521883773E-4
0.0
0.0
0.0
1.0832117214563921E-4
1.0832117214563921E-4
0.0
-1.7435814292405822E-4
-3.487162858481164E-5
0.0
0.0
0.0
2.1664234429127842E-4
0.0
0.0
0.0
-2.0922977150886988E-4
0.0
0.0
0.0
4.495734840627924E-5
-6.974325716962328E-5
0.0
0.0
1.0832117214563921E-4
0.0
1.0832117214563921E-4
0.0
1.7982939362511696E-4
0.0
-6.974325716962329E-4
4.495734840627924E-5
0.0
0.0
2.1664234429127842E-4
0.0
2.1664234429127842E-4
0.0
-2.441014000936815E-4
4.495734840627924E-5
0.0
0.0
0.0
0.0
0.0
0.0
1.0832117214563921E-4
0.0
0.0
0.0
4.495734840627924E-5
2.6974409043767545E-4
0.0
1.0832117214563921E-4
4.495734840627924E-5
0.0
0.0
0.0
1.0832117214563921E-4
0.0
0.0
0.0
0.0
0.0
-2.441014000936815E-4
0.0
0.0
4.495734840627924E-5
0.0
4.495734840627924E-5
0.0
0.0
-6.625609431114212E-4
-1.7435814292405822E-4
8.991469681255848E-5
0.0
2.1664234429127842E-4
4.495734840627924E-5
0.0
0.0
0.0
0.0
1.3487204521883773E-4
0.0
0.0
0.0
-6.974325716962328E-5
0.0
0.0
0.0
0.0
4.495734840627924E-5
1.0832117214563921E-4
0.0
0.0
0.0
0.0
0.0
0.0
0.0
-9.066623432051028E-4
0.0
0.0
0.0
0.0
0.0
0.0
3.147014388439547E-4
0.0
0.0
0.0
1.0832117214563921E-4
0.0
0.0
1.0832117214563921E-4
0.0
0.0
0.0
1.0832117214563921E-4
2.247867420313962E-4
0.0
0.0
0.0
0.0
1.0832117214563921E-4
0.0
0.0
0.0
0.0
3.2496351643691764E-4
1.0832117214563921E-4
0.0
2.1664234429127842E-4
0.0
0.0
0.0
0.0
0.0
4.495734840627924E-5
0.0
0.0
0.0
0.0
0.0
0.0
0.0
0.0
0.0
-9.76405600374726E-4
4.495734840627924E-5
1.3487204521883773E-4
0.0
0.0
-1.0461488575443494E-4
1.3487204521883773E-4
0.0
0.0
0.0
0.0
0.0
0.0
1.7982939362511696E-4
8.991469681255848E-5
0.0
-6.974325716962328E-5
4.495734840627924E-5
0.0
1.7982939362511696E-4
2.1664234429127842E-4
0.0
0.0
-3.487162858481164E-5
0.0
0.0
0.0
4.495734840627924E-5
1.0832117214563921E-4
0.0
0.0
-1.3948651433924657E-4
8.991469681255848E-5
0.0
-3.487162858481164E-5
8.991469681255848E-5
0.0
0.0
0.0
4.495734840627924E-5
0.0
0.0
0.0
2.1664234429127842E-4
0.0
2.6974409043767545E-4
0.0
0.0
4.495734840627924E-5
-1.7435814292405822E-4
4.495734840627924E-5
4.495734840627924E-5
0.0
4.495734840627924E-5
0.0
1.0832117214563921E-4
0.0
-1.7435814292405822E-4
3.596587872502339E-4
0.0
0.0
0.0
-1.0461488575443494E-4
0.0
0.0
0.0
4.495734840627924E-5
1.0832117214563921E-4
0.0
0.0
0.0
0.0
0.0
1.0832117214563921E-4
-2.7897302867849313E-4
-0.004010237287253339
1.0832117214563921E-4
0.0
0.0
0.0
0.0
0.0
0.0
0.0
0.0
0.0
0.0
8.991469681255848E-5
0.0
-8.369190860354795E-4
4.495734840627924E-5
1.0832117214563921E-4
0.0
1.0832117214563921E-4
0.0
0.0
0.0
1.0832117214563921E-4
0.0
8.991469681255848E-5
0.0
0.0
4.495734840627924E-5
0.0
4.495734840627924E-5
0.0
1.0832117214563921E-4
4.495734840627924E-5
0.0
-1.0461488575443494E-4
0.0
0.0
0.0
1.7982939362511696E-4
0.0
0.0
1.0832117214563921E-4
0.0
0.0
0.0
-0.00212716934367351
0.0
0.0
4.495734840627924E-5
5.416058607281961E-4
0.0
0.0
0.0
-1.3948651433924657E-4
0.0
0.0
0.0
0.0
0.0
0.0
0.0
0.0
0.0
1.0832117214563921E-4
0.0
0.0
2.1664234429127842E-4
2.1664234429127842E-4
0.0
4.495734840627924E-5
2.247867420313962E-4
0.0
0.0
0.0
0.0
0.0
0.0
-0.0015343516577317124
0.0
0.0
-2.441014000936815E-4
4.495734840627924E-5
0.0
0.0
0.0
0.0
-2.441014000936815E-4
0.0
-6.974325716962328E-5
0.0
1.0832117214563921E-4
0.0
1.0832117214563921E-4
8.991469681255848E-5
2.247867420313962E-4
0.0
4.495734840627924E-5
-6.974325716962329E-4
0.0
0.0
1.0832117214563921E-4
0.0
0.0
0.0
4.495734840627924E-5
0.0
4.495734840627924E-5
0.0
4.495734840627924E-5
-1.7435814292405822E-4
0.0
0.0
0.0
0.0
0.0
4.495734840627924E-5
0.0
0.0
3.2496351643691764E-4
0.0
8.991469681255848E-5
0.0
0.0
-4.533311716025514E-4
0.0
0.0
4.495734840627924E-5
0.0
1.0832117214563921E-4
-3.487162858481164E-5
0.0
0.0
0.0
0.0
0.0
-1.3948651433924657E-4
-1.3948651433924657E-4
0.0
0.0
0.0
-6.974325716962328E-5
0.0
0.0
0.0
0.0
0.0
0.0
0.0
-3.138446572633048E-4
1.0832117214563921E-4
0.0
0.0
4.495734840627924E-5
0.0
0.0
4.495734840627924E-5
1.0832117214563921E-4
1.0832117214563921E-4
-3.138446572633048E-4
0.0
0.0
0.0
-0.0011158921147139725
4.495734840627924E-5
0.0
0.0
0.0
0.0
0.0
8.991469681255848E-5
0.0
0.0
4.495734840627924E-5
0.0
0.0
4.495734840627924E-5
0.0
3.2496351643691764E-4
0.0
4.495734840627924E-5
0.0
8.991469681255848E-5
0.0
0.0
0.0
0.0
1.0832117214563921E-4
0.0
0.0
0.0
1.0832117214563921E-4
0.0
0.0
4.495734840627924E-5
0.0
0.0
0.0
0.0
0.0
0.0
-6.276893145266096E-4
0.0
1.0832117214563921E-4
0.0
0.0
4.495734840627924E-5
3.2496351643691764E-4
0.0
0.0
0.0
-6.974325716962328E-5
-6.974325716962328E-5
0.0
-1.0461488575443494E-4
1.0832117214563921E-4
0.0
1.0832117214563921E-4
0.0
0.0
0.0
0.0
0.0
1.0832117214563921E-4
0.0
0.0
0.0
0.0
0.0
8.991469681255848E-5
0.0
0.0
0.0
0.0
0.0
0.0
0.0
0.0
1.0832117214563921E-4
0.0
0.0
0.0
0.0
0.0
0.0
8.991469681255848E-5
0.0
1.0832117214563921E-4
-6.974325716962328E-5
0.0
5.394881808753509E-4
0.0
0.0
1.0832117214563921E-4
8.991469681255848E-5
4.495734840627924E-5
1.0832117214563921E-4
0.0
0.0
0.0
-0.006974325716962329
1.0832117214563921E-4
0.0
0.0
0.0
0.0
4.495734840627924E-5
1.0832117214563921E-4
0.0
0.0
0.0
4.495734840627924E-5
-4.88202800187363E-4
0.0
0.0
0.0
0.0
0.0
0.0
0.0
0.0
1.3487204521883773E-4
-2.441014000936815E-4
0.0
0.0
-1.0461488575443494E-4
4.495734840627924E-5
0.0
0.0
0.0
0.0
4.495734840627924E-5
0.0
0.0
0.0
0.0
0.0
1.7982939362511696E-4
0.0
-1.7435814292405822E-4
0.0
0.0
0.0
-2.0922977150886988E-4
0.0
0.0
0.0
0.0
0.0
4.495734840627924E-5
1.3487204521883773E-4
0.0
0.0
0.0
0.0
0.0
4.495734840627924E-5
4.495734840627924E-5
1.0832117214563921E-4
4.495734840627924E-5
8.991469681255848E-5
0.0
4.495734840627924E-5
3.2496351643691764E-4
-4.1845954301773975E-4
0.0
0.0
8.991469681255848E-5
0.0
0.0
0.0
0.0
0.0
0.0
8.991469681255848E-5
4.495734840627924E-5
0.0
0.0
8.991469681255848E-5
0.0
0.0
0.0
-0.0013251218862228424
0.0
0.0
-0.0010810204861291608
0.0
0.0
0.0
1.3487204521883773E-4
0.0
-6.974325716962328E-5
-2.0922977150886988E-4
1.0832117214563921E-4
0.0
0.0
0.0
0.0
0.0
0.0
-8.369190860354795E-4
0.0
1.3487204521883773E-4
0.0
0.0
1.3487204521883773E-4
0.0
0.0
1.3487204521883773E-4
0.0
0.0
1.0832117214563921E-4
4.495734840627924E-5
0.0
3.596587872502339E-4
-3.487162858481164E-5
0.0
1.0832117214563921E-4
0.0
0.0
0.0
1.0832117214563921E-4
0.0
0.0
0.0
0.0
0.0
0.0
0.0
0.0
0.0
0.0
0.0
0.0
0.0
0.0
-6.974325716962328E-5
0.0
0.0
0.0
0.0
4.495734840627924E-5
0.0
0.0
0.0
0.0
0.0
0.0
-3.835879144329281E-4
0.0
0.0
-1.0461488575443494E-4
0.0
8.991469681255848E-5
0.0
0.0
0.0
1.0832117214563921E-4
0.0
2.1664234429127842E-4
0.0
0.0
4.495734840627924E-5
0.0
0.0
1.0832117214563921E-4
0.0
0.0
0.0
4.495734840627924E-5
0.0
4.495734840627924E-5
0.0
4.495734840627924E-5
0.0
0.0
0.0
0.0
-0.0022666558580127566
-0.0014994800291469007
-1.0461488575443494E-4
0.0
-2.441014000936815E-4
0.0
0.0
0.0
8.991469681255848E-5
4.495734840627924E-5
-2.0922977150886988E-4
0.0
0.0
1.7982939362511696E-4
0.0
0.0
0.0
0.0
0.0
0.0
0.0
0.0
4.495734840627924E-5
0.0
0.0
1.0832117214563921E-4
4.495734840627924E-5
0.0
0.0
1.0832117214563921E-4
2.1664234429127842E-4
0.0
1.3487204521883773E-4
0.0
0.0
0.0
0.0
4.495734840627924E-5
0.0
0.0
0.0
0.0
0.0
1.0832117214563921E-4
0.0
8.991469681255848E-5
0.0
0.0
0.0
-3.487162858481164E-5
-0.0010810204861291608
0.0
0.0
0.0
-6.974325716962328E-5
1.0832117214563921E-4
0.0
0.0
1.0832117214563921E-4
0.0
0.0
0.0
4.495734840627924E-5
0.0
2.1664234429127842E-4
4.495734840627924E-5
0.0
0.0
-3.138446572633048E-4
4.495734840627924E-5
0.0
0.0
0.0
0.0
0.0
0.0
0.0
2.1664234429127842E-4
0.0
0.0
0.0
0.0
0.0
1.7982939362511696E-4
0.0
0.0
5.416058607281961E-4
4.495734840627924E-5
0.0
-1.3948651433924657E-4
0.0
0.0
0.0
0.0
4.495734840627924E-5
0.0
4.495734840627924E-5
0.0
0.0
-3.138446572633048E-4
-1.3948651433924657E-4
0.0
1.0832117214563921E-4
1.0832117214563921E-4
0.0
1.0832117214563921E-4
0.0
0.0
0.0
4.495734840627924E-5
-9.066623432051028E-4
1.0832117214563921E-4
0.0
1.0832117214563921E-4
4.495734840627924E-5
-3.487162858481164E-5
-3.487162858481164E-5
2.1664234429127842E-4
0.0
-3.487162858481164E-5
0.0
0.0
0.0
-3.487162858481164E-5
4.495734840627924E-5
0.0
4.495734840627924E-5
0.0
0.0
0.0
4.495734840627924E-5
0.0
1.0832117214563921E-4
4.495734840627924E-5
0.0
0.0
1.0832117214563921E-4
1.0832117214563921E-4
0.0
1.0832117214563921E-4
0.0
4.495734840627924E-5
1.0832117214563921E-4
0.0
0.0
0.0
0.0
2.247867420313962E-4
0.0
-3.487162858481164E-5
1.3487204521883773E-4
0.0
0.0
0.0
0.0
0.0
0.0
0.0
0.0
1.0832117214563921E-4
0.0
-0.0026502437724456847
0.0
0.0
-1.3948651433924657E-4
2.1664234429127842E-4
0.0
0.0
-6.974325716962328E-5
0.0
0.0
0.0
-5.230744287721747E-4
4.495734840627924E-5
0.0
0.0
0.0
-2.7897302867849313E-4
0.0
0.0
0.0
1.0832117214563921E-4
0.0
0.0
0.0
0.0
0.0
0.0
0.0
1.0832117214563921E-4
0.0
0.0
4.495734840627924E-5
2.1664234429127842E-4
0.0
-3.138446572633048E-4
4.495734840627924E-5
0.0
0.0
0.0
0.0
0.0
4.495734840627924E-5
0.0
0.0
0.0
0.0
0.0
0.0
0.0
1.0832117214563921E-4
0.0
8.991469681255848E-5
2.1664234429127842E-4
4.495734840627924E-5
0.0
4.495734840627924E-5
0.0
0.0
1.7982939362511696E-4
0.0
0.0
0.0
0.0
1.0832117214563921E-4
0.0
0.0
-3.487162858481164E-5
4.495734840627924E-5
0.0
1.0832117214563921E-4
0.0
0.0
0.0
1.0832117214563921E-4
4.495734840627924E-5
0.0
0.0
0.0
0.0
0.0
4.495734840627924E-5
0.0
0.0
0.0
0.0
0.0
0.0
0.0
0.0
4.495734840627924E-5
0.0
0.0
0.0
0.0
0.0
0.0
0.0
-6.974325716962328E-5
4.495734840627924E-5
4.495734840627924E-5
1.7982939362511696E-4
0.0
0.0
0.0
4.495734840627924E-5
0.0
-1.3948651433924657E-4
0.0
0.0
-3.138446572633048E-4
0.0
-6.974325716962328E-5
0.0
-4.533311716025514E-4
0.0
4.495734840627924E-5
0.0
0.0
0.0
4.495734840627924E-5
0.0
0.0
0.0
1.0832117214563921E-4
0.0
8.991469681255848E-5
2.1664234429127842E-4
1.0832117214563921E-4
0.0
0.0
0.0
-2.0922977150886988E-4
0.0
0.0
1.0832117214563921E-4
0.0
1.0832117214563921E-4
4.3328468858255684E-4
0.0
0.0
0.0
0.0
0.0
4.495734840627924E-5
0.0
0.0
0.0
-1.3948651433924657E-4
1.0832117214563921E-4
0.0
0.0
4.495734840627924E-5
0.0
0.0
1.0832117214563921E-4
0.0
0.0
0.0
0.0
0.0
0.0
0.0
0.0
-3.487162858481164E-5
1.0832117214563921E-4
0.0
1.0832117214563921E-4
2.247867420313962E-4
0.0
0.0
0.0
0.0
0.0
1.0832117214563921E-4
0.0
-0.001464608400562089
0.0
4.495734840627924E-5
0.0
0.0
0.0
-0.0012205070004684074
0.0
0.0
0.0
0.0
0.0
0.0
4.495734840627924E-4
0.0
0.0
2.1664234429127842E-4
0.0
0.0
-3.487162858481164E-5
1.0832117214563921E-4
0.0
0.0
1.0832117214563921E-4
-6.974325716962328E-5
0.0
0.0
0.0
4.495734840627924E-5
4.495734840627924E-5
0.0
-3.138446572633048E-4
0.0
0.0
-3.4871628584811644E-4
0.0
-2.0922977150886988E-4
0.0
-3.138446572633048E-4
0.0
0.0
0.0
0.0
0.0
4.495734840627924E-5
0.0
0.0
0.0
0.0
1.0832117214563921E-4
0.0
0.0
1.0832117214563921E-4
0.0
-4.533311716025514E-4
0.0
-4.1845954301773975E-4
-3.487162858481164E-5
0.0
0.0
0.0
0.0
0.0
1.0832117214563921E-4
-3.487162858481164E-5
2.6974409043767545E-4
2.1664234429127842E-4
-2.0922977150886988E-4
0.0
0.0
0.0
0.0
0.0
0.0
0.0
4.495734840627924E-5
0.0
0.0
-1.3948651433924657E-4
1.0832117214563921E-4
0.0
0.0
0.0
-2.7897302867849313E-4
0.0
0.0
6.743602260941887E-4
0.0
3.147014388439547E-4
4.495734840627924E-5
0.0
0.0
1.0832117214563921E-4
0.0
0.0
0.0
0.0
4.495734840627924E-5
0.0
1.0832117214563921E-4
0.0
-1.3948651433924657E-4
0.0
0.0
0.0
0.0012998540657476706
0.0
0.0
4.495734840627924E-5
4.495734840627924E-5
-6.974325716962328E-5
0.0
0.0
0.0
0.0
0.0
0.0
0.0
4.495734840627924E-5
0.0
4.495734840627924E-5
0.0
-5.230744287721747E-4
0.0
0.0
0.0
1.0832117214563921E-4
0.0
3.147014388439547E-4
8.991469681255848E-5
1.0832117214563921E-4
-1.0461488575443494E-4
0.0
0.0
3.2496351643691764E-4
0.0
4.495734840627924E-5
0.0
0.0
0.0
0.0
0.0
0.0
0.0
8.991469681255848E-5
0.0
0.0
0.0
0.0
0.0
8.991469681255848E-5
0.0
0.0
1.0832117214563921E-4
0.0
0.0
-4.88202800187363E-4
-3.4871628584811644E-4
0.0
8.991469681255848E-5
0.0
8.991469681255848E-5
0.0
1.0832117214563921E-4
1.0832117214563921E-4
0.0
4.495734840627924E-5
1.3487204521883773E-4
0.0
0.0
4.495734840627924E-4
8.991469681255848E-5
0.0
-3.487162858481164E-5
4.495734840627924E-5
0.0
0.0
2.247867420313962E-4
1.0832117214563921E-4
0.0
0.0
0.0
0.0
4.495734840627924E-5
0.0
4.495734840627924E-5
0.0
0.0
0.0
0.0
0.0
0.0
1.0832117214563921E-4
0.0
4.495734840627924E-5
0.0
0.0
0.0
0.0
4.495734840627924E-5
0.0
0.0
0.0
0.0
4.495734840627924E-5
0.0
0.0
4.495734840627924E-5
-0.0017435814292405822
1.0832117214563921E-4
4.495734840627924E-5
0.0
0.0
1.0832117214563921E-4
0.0
0.0
0.0
1.0832117214563921E-4
0.0
0.0
0.0
-1.7435814292405822E-4
1.0832117214563921E-4
4.495734840627924E-5
0.0
-4.88202800187363E-4
0.0
0.0
0.0
0.0
-3.835879144329281E-4
4.495734840627924E-5
-3.138446572633048E-4
1.0832117214563921E-4
0.0
4.495734840627924E-5
0.0
0.0
1.0832117214563921E-4
0.0
0.0
0.0
-6.974325716962328E-5
1.0832117214563921E-4
0.0
-3.835879144329281E-4
0.0
0.0
0.0
0.0
4.495734840627924E-5
0.0
-5.579460573569863E-4
1.0832117214563921E-4
0.0
0.0
-6.974325716962328E-5
0.0
1.0832117214563921E-4
0.0
0.0
0.0
4.495734840627924E-5
4.495734840627924E-5
0.0
0.0
4.495734840627924E-4
8.991469681255848E-5
0.0
0.0
0.0
1.0832117214563921E-4
0.0
0.0
0.0
0.0
-2.7897302867849313E-4
0.0
0.0
0.0
0.0
-2.7897302867849313E-4
-6.974325716962328E-5
8.991469681255848E-5
0.0
0.0
0.0
0.0
-6.974325716962328E-5
-0.0010810204861291608
4.495734840627924E-5
0.0
6.499270328738353E-4
0.0
-2.441014000936815E-4
1.0832117214563921E-4
-1.0461488575443494E-4
0.0
-3.487162858481164E-5
4.495734840627924E-5
0.0
0.0
0.0
0.0
1.3487204521883773E-4
0.0
0.0
0.0
1.3487204521883773E-4
4.495734840627924E-5
0.0
0.0
8.991469681255848E-5
0.0
1.0832117214563921E-4
0.0
0.0
0.0
0.0
0.0
0.0
0.0
0.0
0.0
0.0
0.0
4.495734840627924E-5
4.495734840627924E-5
0.0
4.495734840627924E-5
0.0
0.0
0.0
1.0832117214563921E-4
0.0
0.0
0.0
0.0
-3.487162858481164E-5
0.0
0.0
0.0
-6.974325716962328E-5
-6.974325716962328E-5
0.0
0.0
0.0
8.991469681255848E-5
1.3487204521883773E-4
-3.487162858481164E-5
1.0832117214563921E-4
4.495734840627924E-5
4.495734840627924E-5
1.0832117214563921E-4
0.0
0.0
8.991469681255848E-5
0.0
0.0
1.0832117214563921E-4
-9.066623432051028E-4
4.495734840627924E-5
0.0
0.0
0.0
0.0
0.0
-0.0010461488575443493
0.0
0.0
-6.974325716962328E-5
4.495734840627924E-5
0.0
1.0832117214563921E-4
2.1664234429127842E-4
-3.487162858481164E-5
0.0
1.0832117214563921E-4
-2.441014000936815E-4
0.0
0.0
-1.7435814292405822E-4
4.495734840627924E-5
0.0
-1.0461488575443494E-4
0.0
0.0
0.0
0.0
0.0
0.0
0.0
0.0
-2.0922977150886988E-4
0.0
0.0
0.0
8.991469681255848E-5
1.3487204521883773E-4
0.0
1.7982939362511696E-4
0.0
0.0
-1.3948651433924657E-4
1.3487204521883773E-4
4.495734840627924E-5
8.991469681255848E-5
1.0832117214563921E-4
0.0
0.0
0.0
-6.974325716962328E-5
8.991469681255848E-5
1.0832117214563921E-4
1.0832117214563921E-4
0.0
0.0
0.0
0.0
0.0
1.0832117214563921E-4
0.0
0.0
1.3487204521883773E-4
0.0
1.0832117214563921E-4
0.0
0.0
0.0
1.3487204521883773E-4
-3.487162858481164E-5
0.0
0.0
0.0
0.0
0.0
2.1664234429127842E-4
0.0
0.0
1.0832117214563921E-4
0.0
0.0
-1.3948651433924657E-4
4.495734840627924E-5
0.0
5.416058607281961E-4
4.495734840627924E-5
1.0832117214563921E-4
0.0
0.0
-3.487162858481164E-5
-3.487162858481164E-5
0.0
-1.3948651433924657E-4
0.0
1.0832117214563921E-4
1.0832117214563921E-4
1.0832117214563921E-4
0.0
0.0
0.0
-3.4871628584811644E-4
0.0
0.0
0.0
0.0
0.0
1.0832117214563921E-4
0.0
3.2496351643691764E-4
0.0
8.991469681255848E-5
0.0
0.0
0.0
0.0
0.0
1.0832117214563921E-4
0.0
-3.487162858481164E-5
0.0
0.0
1.0832117214563921E-4
0.0
0.0
1.0832117214563921E-4
0.0
0.0
1.0832117214563921E-4
0.0
0.0
0.0
0.0
4.495734840627924E-5
4.495734840627924E-5
0.0
-2.0922977150886988E-4
0.0
0.0
1.3487204521883773E-4
0.0
1.0832117214563921E-4
0.0
0.0
0.0
1.0832117214563921E-4
0.0
0.0
0.0
-0.0017087098006557705
0.0
0.0
8.991469681255848E-5
0.0
0.0
0.0
8.991469681255848E-5
0.0
0.0
0.0
-1.3948651433924657E-4
0.0
2.1664234429127842E-4
8.991469681255848E-5
4.495734840627924E-5
1.7982939362511696E-4
0.0
0.0
1.0832117214563921E-4
0.0
0.0
0.0
0.0
0.0
0.0
0.0
0.0
0.0
0.0
0.0
0.0
1.0832117214563921E-4
-3.487162858481164E-5
0.0
-9.415339717899143E-4
0.0
0.0
5.844455292816301E-4
1.0832117214563921E-4
0.0
0.0
0.0
0.0
0.0
4.495734840627924E-5
4.495734840627924E-5
0.0
0.0
-2.0922977150886988E-4
1.0832117214563921E-4
0.0
4.495734840627924E-5
0.0
0.0
0.0
0.0
0.0
0.0
1.0832117214563921E-4
0.0
0.0
1.0832117214563921E-4
0.0
8.991469681255848E-5
0.0
0.0
0.0
1.0832117214563921E-4
0.0
0.0
0.0
0.0
0.0
0.0
0.0
1.0832117214563921E-4
0.0
0.0
0.0
3.2496351643691764E-4
0.0
4.495734840627924E-5
1.0832117214563921E-4
0.0
4.495734840627924E-5
0.0
0.0
0.0
1.0832117214563921E-4
0.0
0.0
4.495734840627924E-5
0.0
0.0
0.0
0.0
0.0
-5.579460573569863E-4
0.0
0.0
0.0
0.0
-3.487162858481164E-5
-0.0011856353718835957
0.0
0.0
0.0
-9.066623432051028E-4
0.0
0.0
0.0
0.0
4.495734840627924E-5
0.0
0.0
4.495734840627924E-5
4.495734840627924E-5
0.0
0.0
0.0
-0.0011158921147139725
1.0832117214563921E-4
8.991469681255848E-5
1.0832117214563921E-4
8.991469681255848E-5
0.0
0.0
-1.0461488575443494E-4
1.0832117214563921E-4
0.0
0.0
0.0
0.0
0.0
-3.487162858481164E-5
1.7982939362511696E-4
4.495734840627924E-5
0.0
0.0
0.0
0.0
-4.533311716025514E-4
-6.974325716962328E-5
2.247867420313962E-4
0.0
1.0832117214563921E-4
1.0832117214563921E-4
0.0
0.0
0.0
0.0
0.0
0.0
0.0
8.991469681255848E-5
0.0
1.0832117214563921E-4
0.0
0.0
0.0
4.495734840627924E-5
1.0832117214563921E-4
0.0
0.0
0.0
1.0832117214563921E-4
0.0
0.0
0.0
0.0
0.0
4.495734840627924E-5
0.0
-5.928176859417979E-4
1.0832117214563921E-4
2.247867420313962E-4
0.0
4.495734840627924E-5
0.0
1.0832117214563921E-4
0.0
0.0
-3.487162858481164E-5
4.495734840627924E-5
0.0
0.0
0.0
0.0
0.0
0.0
1.0832117214563921E-4
-2.441014000936815E-4
0.0
0.0
0.0
4.495734840627924E-5
0.0
0.0
0.0
0.0
0.0
0.0
0.0
4.495734840627924E-5
0.0
0.0
0.0
0.0
0.0
0.0
0.0
0.0
-6.276893145266096E-4
-4.88202800187363E-4
-0.0014297367719772773
0.0
0.0
0.0
0.0
0.0
-1.0461488575443494E-4
0.0
0.0
1.0832117214563921E-4
0.0
-1.7435814292405822E-4
0.0
0.0
2.1664234429127842E-4
0.0
1.3487204521883773E-4
1.0832117214563921E-4
0.0
0.0
0.0
0.0
8.991469681255848E-5
0.0
4.495734840627924E-5
-9.76405600374726E-4
4.495734840627924E-5
1.0832117214563921E-4
1.0832117214563921E-4
0.0
2.1664234429127842E-4
0.0
0.0
0.0
-3.487162858481164E-5
4.495734840627924E-5
0.0
0.0
0.0
0.0
3.2496351643691764E-4
0.0
0.0
0.0
0.0
-2.441014000936815E-4
0.0
1.0832117214563921E-4
1.0832117214563921E-4
4.495734840627924E-5
0.0
0.0
-3.487162858481164E-5
1.0832117214563921E-4
0.0
0.0
0.0
0.0
0.0
